0,1,2,3,4,5,6,7,8,9,10,11,12,13,14,15,16,17,18,19,20,21,22,23,24,25,26,27,28,29,30
0.0146263,0.012304444,0.0155438185,0.014619614,0.008583602,0.022691282,0.03129225,0.030580174,0.019174084,0.009295174,0.01657058,0.016432231,0.03605207,0.013958915,0.024676206,0.061004627,0.029477945,0.011945034,0.020008557,0.00845307,0.04994853,0.03454266,0.04334744,0.08991868,0.042570468,0.023415472,0.012563725,0.02241737,0.018530166,0.02133611,0.012934666
0.019231841,0.010343409,0.01797806,0.009315243,0.0069743735,0.026340205,0.032363247,0.027517466,0.017777216,0.008683742,0.016445963,0.01885274,0.037197974,0.011685396,0.019569565,0.06605247,0.023232013,0.013181041,0.019304322,0.009669682,0.041465122,0.036983673,0.039087486,0.09842752,0.03761658,0.021699047,0.016102085,0.02491341,0.017072855,0.021287832,0.018691119
0.016738197,0.010132543,0.017378878,0.012015052,0.009678834,0.029815067,0.031133227,0.018846573,0.022974886,0.009246314,0.011955216,0.017190157,0.04327225,0.015921354,0.030241199,0.053530723,0.027403485,0.011033739,0.021895852,0.008389642,0.032813217,0.040274557,0.037452422,0.095465355,0.039492574,0.01860406,0.011412045,0.027849363,0.02093179,0.028518764,0.026127314
0.019225966,0.010837662,0.01511091,0.013897415,0.011522933,0.02123672,0.027832383,0.029021053,0.019622214,0.007980608,0.01377535,0.0137047935,0.03753284,0.013384196,0.022671994,0.060691282,0.04252896,0.012775788,0.01871822,0.007937572,0.041105803,0.04160349,0.03320623,0.090084575,0.03688335,0.018906608,0.013176781,0.026418537,0.016304825,0.021771098,0.017490147
0.016179657,0.008325753,0.017529598,0.014481859,0.008732699,0.026321024,0.0294692,0.024062036,0.020705782,0.0071706153,0.014061708,0.01527693,0.032258127,0.015194821,0.023587944,0.048027407,0.025242796,0.011173277,0.020754758,0.0062616095,0.045272123,0.044150483,0.035633147,0.102235794,0.037739884,0.022510255,0.012717724,0.028538551,0.019691354,0.020788416,0.028856909
0.013614196,0.008913518,0.01669137,0.014294797,0.006169778,0.02407668,0.02520395,0.019341404,0.019978281,0.0065661566,0.0130172735,0.014588678,0.037399717,0.014970912,0.022032904,0.04929698,0.024139747,0.010158594,0.01895316,0.00919649,0.03789542,0.030945076,0.03646744,0.10782296,0.028750682,0.024671575,0.0092637,0.023089059,0.016860796,0.017279727,0.020027652
0.011079482,0.008108177,0.015227532,0.012185889,0.006367917,0.02153639,0.023849513,0.020577546,0.013937646,0.0052887416,0.012800538,0.012385019,0.031954564,0.0131521495,0.01826121,0.04984156,0.034611613,0.008198951,0.015169605,0.00827407,0.041355766,0.033780135,0.031395134,0.10956964,0.036105167,0.017426945,0.009807587,0.021034665,0.0164223,0.018995255,0.025979368
0.009924402,0.0065152217,0.015485697,0.009091925,0.0071443436,0.017588302,0.020456433,0.021440506,0.017892225,0.0059506632,0.0115945535,0.012032218,0.025611602,0.01074671,0.019136373,0.04702134,0.027966183,0.008471938,0.017410876,0.0048820768,0.036466762,0.023388563,0.02619421,0.109172605,0.03682166,0.021220766,0.010399129,0.022135451,0.016445862,0.017911991,0.017236764
0.0076315985,0.0061365077,0.01473112,0.010322166,0.004360345,0.020835677,0.019538064,0.01460886,0.0147422515,0.0050947457,0.0103978375,0.011304321,0.024027867,0.0107461335,0.017835433,0.049946647,0.025810527,0.0055645737,0.021935351,0.0059032277,0.03315622,0.02483719,0.027668528,0.118488036,0.042537775,0.015136391,0.009633246,0.017447473,0.015398515,0.01847157,0.022950392
0.0065921093,0.0054148245,0.013433652,0.011139713,0.004678632,0.011003733,0.016470738,0.017038245,0.019482046,0.007534865,0.010074744,0.012254487,0.01807692,0.009362439,0.015354857,0.04772834,0.045351457,0.0066736005,0.021236159,0.004376654,0.038937584,0.025789872,0.025695192,0.111550026,0.044437546,0.015467951,0.009252618,0.022173708,0.014375577,0.013666857,0.014162333
0.0055262838,0.004808616,0.011865408,0.013550102,0.0067779454,0.0139970295,0.017492773,0.01760284,0.0127118835,0.0037711833,0.009859772,0.013930477,0.02796608,0.011179138,0.014414865,0.04937603,0.031719305,0.005359175,0.015597764,0.0038477425,0.034774456,0.020071693,0.027013697,0.12084353,0.044938788,0.017562566,0.009156375,0.016562989,0.016129877,0.015331171,0.018100373
0.0072568553,0.0037180304,0.014173572,0.006682799,0.0033302375,0.012524613,0.013314836,0.018252797,0.015798619,0.0073591424,0.008160673,0.0055531454,0.022423161,0.008738746,0.015161475,0.043375727,0.03944542,0.0048502143,0.018753523,0.0036603173,0.0404383,0.021072287,0.020168332,0.11844515,0.048395623,0.013797751,0.00952884,0.016615618,0.014676452,0.012561746,0.020814361
0.0060264072,0.0054041017,0.01412572,0.0061315247,0.0038054902,0.022016002,0.0139168445,0.01954183,0.0117448745,0.0050563845,0.009573848,0.007739505,0.0194792,0.008184722,0.015023334,0.05219188,0.038308986,0.0041632494,0.012226082,0.0039624413,0.029990897,0.018360382,0.020578334,0.11928933,0.049401578,0.015304979,0.007869414,0.015515179,0.014255028,0.013584639,0.02455898
0.0043869293,0.005356596,0.014806306,0.006199118,0.0033539084,0.02026875,0.008106569,0.015496782,0.013867737,0.005895025,0.007631283,0.0069945324,0.020798963,0.01116206,0.01159377,0.047577057,0.03799181,0.0029433153,0.0069793006,0.0038747273,0.025046803,0.019817777,0.0169849,0.13381864,0.05525099,0.014413623,0.007624535,0.013881053,0.012330485,0.014581076,0.016243141
0.0035290383,0.0052410755,0.011353279,0.010441206,0.0031155443,0.019524442,0.0069283037,0.015917482,0.013204102,0.005960188,0.0063679586,0.0070670554,0.021174934,0.009296596,0.014271552,0.054527864,0.041326065,0.0033264342,0.0114319,0.0037314733,0.036420956,0.012171322,0.014721726,0.13165839,0.059263863,0.022752894,0.008689943,0.016632762,0.011343053,0.014040618,0.011725903
0.0038815495,0.003368245,0.011801629,0.0047960533,0.0033128278,0.019119294,0.0068481285,0.021744706,0.01862229,0.0038520384,0.008052736,0.0057149893,0.015767246,0.009709196,0.012179896,0.0461202,0.049180146,0.0027321586,0.0076793274,0.0036386752,0.04009387,0.011428473,0.017668508,0.12930436,0.06703317,0.013294302,0.0065312916,0.01592742,0.012027867,0.019491551,0.017551728
0.003641909,0.004113422,0.010985267,0.00898544,0.002644283,0.020784581,0.0071521355,0.012531963,0.016655434,0.0048156595,0.008390369,0.009427658,0.016763618,0.012314757,0.014092695,0.05096499,0.05048655,0.002127329,0.0057909386,0.002980895,0.04290159,0.0105294045,0.017780548,0.12471841,0.07782721,0.019044317,0.005754172,0.013871572,0.011887766,0.0142752165,0.020168226
0.003995304,0.0039037797,0.0115587,0.007444934,0.0027227919,0.027467174,0.007997556,0.016755614,0.011634111,0.0055224393,0.005534743,0.007581897,0.016282445,0.009424771,0.0095363725,0.058835726,0.04480523,0.003011869,0.0052296603,0.0028095157,0.039186213,0.012278346,0.015996333,0.12473499,0.07772596,0.0049013295,0.006460079,0.013729263,0.0086508235,0.011599993,0.036272515
0.0033641178,0.004492493,0.008929902,0.007165767,0.0041878633,0.028051464,0.0051431987,0.013454154,0.013706855,0.0047378857,0.0062008738,0.008699516,0.01846951,0.01148087,0.012792296,0.058645904,0.051624537,0.0027152868,0.0079097925,0.0028401536,0.04210916,0.010178697,0.013254042,0.1278644,0.08885053,0.008621942,0.0057977885,0.012778843,0.010728864,0.012060385,0.050550617
0.004006538,0.003333721,0.009779706,0.004096874,0.002417678,0.014649768,0.00537736,0.014039367,0.012945936,0.0052423207,0.0064359396,0.012569915,0.023490543,0.009861194,0.015296845,0.056707922,0.04901959,0.0022482842,0.006988899,0.0030888931,0.040728796,0.014216577,0.013574212,0.118502006,0.089522496,0.0135356095,0.007894392,0.0123909125,0.010568237,0.012124209,0.05081302
0.003991614,0.0036839887,0.008306513,0.008336404,0.00264076,0.023117209,0.0048201038,0.020227315,0.020029219,0.004508733,0.006046389,0.008360293,0.021741057,0.012906254,0.011749827,0.06472116,0.045277547,0.0020233737,0.005133141,0.003224823,0.034368183,0.009736566,0.017713496,0.11477533,0.09813948,0.023242304,0.00874368,0.014163719,0.0071737776,0.012644385,0.048455097
0.0037073,0.005407892,0.010535499,0.0065868143,0.0033118692,0.0181717,0.0049826214,0.011922685,0.013078451,0.0033883164,0.0058741523,0.0077086645,0.022208529,0.011225052,0.015140767,0.057220433,0.040331177,0.0022929984,0.004575235,0.0032167633,0.03928543,0.012611131,0.016919715,0.1230347,0.09964154,0.014482381,0.005591124,0.012104139,0.009673155,0.012667331,0.041820906
0.0038438526,0.0051357867,0.011052154,0.008243058,0.0035386179,0.02025165,0.0054746657,0.018780531,0.014714503,0.003978944,0.0052772476,0.0062738955,0.023642942,0.015137289,0.017682154,0.060302116,0.040041216,0.002735582,0.003702539,0.0031337654,0.04141661,0.013616916,0.017409317,0.11948903,0.09245548,0.014044216,0.011114969,0.009160461,0.0079246145,0.017531926,0.036079895
0.0026324424,0.0038927004,0.010108362,0.0074961702,0.0035094856,0.016813569,0.0045878254,0.008581736,0.011427385,0.005735458,0.005553647,0.006436551,0.028369376,0.013632453,0.0149195315,0.06774179,0.05520978,0.0024759723,0.0077712336,0.0033738525,0.040992543,0.014050955,0.015983889,0.1267747,0.09886525,0.012473371,0.013182097,0.011769663,0.0106442515,0.013974124,0.019640325
0.0028982616,0.0061067254,0.014476378,0.010762855,0.004503214,0.021904012,0.004665862,0.011885058,0.013362466,0.005790673,0.0038471431,0.0077892127,0.034256097,0.012350902,0.023732891,0.06294594,0.048073217,0.0022180344,0.007986404,0.0037809354,0.032786414,0.01079856,0.017071802,0.11846563,0.09594396,0.011366774,0.009856658,0.011659908,0.012889497,0.0124721285,0.026207343
0.003393815,0.0067132725,0.015079393,0.013551798,0.0037775156,0.03134995,0.002979793,0.012510049,0.01412041,0.005719802,0.0062325504,0.007946754,0.034958616,0.018116675,0.019880673,0.075068496,0.040297788,0.0036521764,0.0060954886,0.0051565566,0.032248873,0.014047071,0.017341238,0.12499484,0.115987726,0.013414691,0.01005933,0.0130806295,0.019545363,0.017749002,0.01777082
0.0025655795,0.012478423,0.013003103,0.015759597,0.0040927343,0.01910353,0.0040159584,0.012853488,0.012352918,0.008978354,0.007741452,0.013463346,0.042917773,0.012509354,0.023678277,0.06527179,0.05663209,0.0036562132,0.0037258153,0.007488244,0.03713292,0.011059454,0.019965516,0.11654583,0.110653885,0.015466596,0.009629742,0.012375464,0.010539008,0.013581865,0.015379987
0.0043119513,0.013163868,0.017803028,0.014074895,0.0028329776,0.02522471,0.0048087807,0.016598485,0.012991349,0.009012228,0.005748244,0.011589313,0.047135677,0.0136056105,0.020195112,0.056598466,0.052451923,0.004188506,0.004690097,0.0069021625,0.036215782,0.013253683,0.022832956,0.10044931,0.09888397,0.019397276,0.008689648,0.0133958645,0.017323928,0.016323397,0.016878158
0.0029771924,0.015337898,0.016281618,0.015193444,0.0025079348,0.022870457,0.0050667385,0.015799483,0.0132025285,0.012917264,0.007951754,0.010473921,0.0455703,0.012963058,0.02206843,0.05353595,0.050802786,0.0031797795,0.004762713,0.0051308363,0.046331286,0.014179748,0.014517043,0.09582991,0.10334827,0.03882743,0.015417776,0.011878859,0.021601753,0.028169356,0.032518826
0.0041930606,0.011900434,0.011725389,0.012949728,0.0041233264,0.018489549,0.007070217,0.014963276,0.016590765,0.005391196,0.0066794064,0.009874424,0.04444357,0.009913016,0.023924947,0.05443032,0.049069114,0.0039786063,0.009056015,0.007850754,0.048626892,0.01190181,0.019040043,0.095184065,0.09878588,0.074421965,0.012761355,0.012924941,0.011855725,0.014801407,0.02364416
0.0034036324,0.014096258,0.020956486,0.0082039265,0.0038439315,0.016376257,0.004145263,0.015649695,0.013588889,0.006000348,0.007934546,0.016161405,0.040600426,0.008631698,0.016126312,0.038690988,0.04637209,0.0028003405,0.0065070144,0.004258717,0.05703952,0.010881226,0.016491786,0.08483777,0.10394186,0.0746591,0.011018459,0.010082966,0.01651784,0.013117107,0.029650435
0.0042391513,0.013775162,0.019103324,0.007196347,0.0053934907,0.016353346,0.006061891,0.014022115,0.015107252,0.0064331936,0.007039895,0.016148679,0.027133934,0.0073682363,0.02510983,0.04269442,0.0456231,0.004223889,0.008320523,0.004327687,0.04267447,0.010657554,0.016311772,0.09361006,0.09221968,0.085774675,0.013801596,0.01398491,0.011923715,0.01834519,0.034201257
0.0062579312,0.011558936,0.018776635,0.007773526,0.006486024,0.015586332,0.0046027796,0.013252766,0.01749583,0.007147931,0.007672509,0.014463494,0.024540303,0.014115638,0.017094811,0.046966057,0.04770635,0.0040431325,0.010185515,0.005397716,0.049171094,0.010360759,0.017081875,0.100277476,0.09178475,0.07631941,0.00823923,0.010272656,0.01270551,0.018836189,0.02964166
0.0056329793,0.009996278,0.01470087,0.0075737466,0.006302522,0.02796095,0.004695098,0.011722708,0.016895551,0.0064295228,0.0089901835,0.015756702,0.03036657,0.010946598,0.020868752,0.03314826,0.044971135,0.006039028,0.0072168945,0.0035170547,0.056877248,0.009839126,0.015378028,0.096212305,0.07825548,0.082171105,0.010036853,0.011738392,0.010814255,0.017044704,0.026737267
0.007710232,0.012042173,0.016062822,0.012572737,0.005933805,0.041474603,0.00787865,0.016137863,0.01865475,0.008141489,0.0074870884,0.02264334,0.029704794,0.009050534,0.016899565,0.043066327,0.03764519,0.005921539,0.010410317,0.006915542,0.052703455,0.012249356,0.019958144,0.09599239,0.07994763,0.0746189,0.015676595,0.011709211,0.013560138,0.018777814,0.028719934
0.00599224,0.00803951,0.015581348,0.02142066,0.0067712357,0.03656546,0.008557396,0.010860722,0.01863753,0.011520874,0.005493596,0.0135132745,0.03920185,0.010917036,0.024407174,0.026962034,0.041463915,0.006147231,0.008636661,0.0034171643,0.04686082,0.009561587,0.017369192,0.09753791,0.07033195,0.035160165,0.007739502,0.0132337855,0.009380868,0.019676207,0.01920418
0.0050546112,0.00837841,0.016110197,0.012622115,0.009122329,0.03046003,0.008810074,0.02402528,0.014436361,0.010871208,0.0054536886,0.015115762,0.026310934,0.010412998,0.022816584,0.034713138,0.04752048,0.0061899903,0.009276446,0.004379539,0.052692022,0.016484365,0.018488087,0.09215706,0.07692747,0.016087575,0.0071422127,0.017301934,0.014050406,0.025535606,0.014442477
0.0049027987,0.008970534,0.021666834,0.010962537,0.00668673,0.03025822,0.009200572,0.021198105,0.014039257,0.0069817244,0.006771107,0.01674459,0.037560225,0.0101412255,0.018089483,0.026921168,0.04086258,0.005191621,0.0066797594,0.004338224,0.055581983,0.013829375,0.017802127,0.10090754,0.073116556,0.07667625,0.009562868,0.0109751085,0.01734099,0.01921264,0.019139342
0.007468867,0.008406325,0.017730866,0.00889306,0.0087614395,0.03375924,0.0065513677,0.017786484,0.013765929,0.0064029223,0.006075494,0.017356718,0.0242783,0.010024309,0.016774634,0.037240352,0.035901923,0.0045787,0.0045776456,0.005604172,0.040749297,0.009995003,0.017752612,0.08912707,0.071293265,0.08048882,0.009922335,0.00954259,0.012728154,0.0154372305,0.02523627
0.0066703674,0.006949413,0.0126790395,0.016221225,0.0078493245,0.04224329,0.007042786,0.015384194,0.018141642,0.008784366,0.006442429,0.012532007,0.036966562,0.020252151,0.01590309,0.026736055,0.040129527,0.004905952,0.0040795584,0.009377427,0.045384187,0.009622591,0.014650273,0.1023313,0.06977557,0.102389224,0.01562579,0.021357488,0.020067187,0.018268075,0.01790829
0.003951629,0.008798786,0.016828632,0.009525602,0.008290687,0.040457327,0.007902699,0.009314296,0.015133624,0.00734557,0.0068653417,0.020983182,0.024076821,0.012608569,0.02307608,0.038317967,0.04278219,0.00610768,0.0036803393,0.00569424,0.04813829,0.014192845,0.015436923,0.09305211,0.07269015,0.09009748,0.009387901,0.012809025,0.009364695,0.016297245,0.0168769
0.0048164264,0.0078616375,0.010748569,0.011189954,0.006507258,0.045008525,0.005563231,0.009913232,0.014372073,0.010045238,0.009603442,0.006532834,0.030967575,0.021993026,0.016874978,0.037828747,0.05043641,0.007672996,0.0050416,0.010375959,0.043099545,0.01563023,0.01379085,0.10260255,0.09409891,0.012829287,0.015573362,0.015083344,0.020354083,0.02319497,0.022425681
0.0058722817,0.010793697,0.01241764,0.011089191,0.00799598,0.039628148,0.006629111,0.009860458,0.013590369,0.00835809,0.00787636,0.010886452,0.023448797,0.013579608,0.015783371,0.05705702,0.039005578,0.011364244,0.0044240435,0.008837773,0.045846064,0.01596217,0.018310715,0.08881124,0.08489269,0.012709696,0.011355603,0.016329223,0.017186865,0.015332737,0.022780575
0.0049386984,0.011721831,0.015268777,0.015136336,0.010254843,0.03347384,0.006065621,0.01108108,0.010384607,0.0065631857,0.0077322572,0.009070884,0.02738994,0.009914551,0.02309923,0.027521605,0.035262004,0.007115856,0.0056302864,0.013850504,0.05517807,0.009166559,0.01494529,0.074490815,0.102159455,0.025582884,0.012515371,0.015212322,0.014855921,0.015949909,0.018837523
0.0040230756,0.01070217,0.0105805015,0.008936146,0.008383992,0.03967187,0.0062385323,0.01140266,0.010799972,0.008125751,0.011602243,0.010033429,0.023873672,0.012121474,0.032548413,0.030231448,0.03925385,0.0070160762,0.0060906303,0.008751554,0.04258171,0.009812968,0.018194895,0.07820864,0.10131178,0.013771394,0.008431038,0.0103950165,0.011552194,0.017263321,0.021573229
0.005116978,0.006997195,0.009337606,0.021008955,0.010587238,0.0498326,0.007453633,0.010772914,0.011534033,0.007421168,0.02524763,0.013381395,0.025520109,0.017105505,0.024106335,0.043591287,0.04631369,0.008021441,0.0055682054,0.012487956,0.045999724,0.018475065,0.014196153,0.08603325,0.09292531,0.023263557,0.016766557,0.023348918,0.023916943,0.02765795,0.02197525
0.0042871684,0.0076976786,0.012435357,0.008471875,0.0068027605,0.04125761,0.0047703264,0.00869601,0.01031094,0.004892305,0.012177173,0.013343786,0.033066195,0.0131413555,0.01772042,0.023612797,0.04424235,0.00518815,0.0066971728,0.00921594,0.050052408,0.013237732,0.013489323,0.09239071,0.102719985,0.06382277,0.014300573,0.01596912,0.014509932,0.013053672,0.0211446
0.0059737177,0.0069883214,0.011686014,0.011693857,0.0062618437,0.029382596,0.008094113,0.008308445,0.014880298,0.006432844,0.00911347,0.0112224575,0.01914936,0.010871999,0.028274268,0.026810607,0.043737262,0.0056478707,0.005463207,0.0075069596,0.038274836,0.006287813,0.012347818,0.096460424,0.09919611,0.0190415,0.010098967,0.02172429,0.005880029,0.0154996775,0.018445013
0.008876058,0.011892872,0.013881652,0.008376361,0.006818093,0.040771216,0.007988828,0.015267341,0.015410465,0.0049404786,0.011425457,0.011905977,0.018597446,0.011069597,0.022369567,0.0239612,0.049917404,0.004182515,0.01060718,0.014349775,0.04265893,0.009319681,0.01153488,0.09726569,0.108412944,0.010204034,0.011967446,0.014431431,0.010132453,0.01569057,0.01535528
0.004259969,0.010461842,0.014825489,0.010249834,0.0042432523,0.042141594,0.008631087,0.012378768,0.015058655,0.009804151,0.009490458,0.014956368,0.020658854,0.013516834,0.023548476,0.027819702,0.043688223,0.006827967,0.009493406,0.008521132,0.045735754,0.015167759,0.012526715,0.09576543,0.08227663,0.015097557,0.015503648,0.017808335,0.012694772,0.020752141,0.022045938
0.0067276414,0.008394813,0.010104058,0.013953324,0.005031431,0.04797371,0.008811227,0.015287065,0.010992053,0.008193243,0.0122522265,0.011871978,0.017879099,0.010782268,0.021122415,0.035981726,0.056215234,0.009844646,0.014732757,0.014450556,0.031886637,0.00902492,0.014397513,0.107351676,0.09291062,0.01649499,0.013263007,0.02108048,0.015930507,0.018741103,0.018809075
0.0098290285,0.016175607,0.015156378,0.019450234,0.0128725665,0.048275758,0.012681041,0.016101204,0.009225184,0.011390884,0.011861259,0.013989822,0.015665606,0.009908194,0.021968145,0.038368735,0.050660033,0.012386175,0.009449186,0.010005032,0.029951543,0.01176935,0.011153855,0.09002935,0.1044155,0.018843843,0.015365377,0.027192002,0.011178331,0.019132292,0.020313656
0.0083152475,0.016151961,0.015091501,0.009389597,0.010127668,0.038070645,0.0077874158,0.009491378,0.0120986495,0.00673229,0.01749784,0.015732765,0.02477796,0.014416229,0.022501478,0.038967025,0.04968852,0.011081135,0.009882176,0.011285439,0.0461686,0.015623352,0.01662313,0.10140416,0.07810622,0.027827337,0.013931947,0.016981788,0.009521484,0.017600354,0.02436361
0.0060906387,0.014423952,0.017404644,0.016010048,0.01062307,0.04878442,0.008582913,0.009324437,0.012851172,0.016534083,0.011065366,0.016699806,0.026763126,0.0132293245,0.019990904,0.050140496,0.052340996,0.009892019,0.010449878,0.0066508627,0.042039067,0.015433491,0.018205829,0.09148663,0.105853304,0.040019777,0.017036602,0.02118087,0.015305768,0.019118093,0.017210614
0.009223761,0.0107671525,0.0176435,0.020213202,0.009825937,0.043884717,0.011850924,0.008395145,0.009006218,0.014779835,0.015781155,0.025780931,0.026565753,0.01824687,0.023236435,0.04602175,0.055293724,0.0135528315,0.009509648,0.005412523,0.04513947,0.016943334,0.018071575,0.08864665,0.0843757,0.059707083,0.015202828,0.026530249,0.015979629,0.030441552,0.022908276
0.008871737,0.009980336,0.01591074,0.014618427,0.010348772,0.05303353,0.012835256,0.014440599,0.015888156,0.0107849,0.012898891,0.01766514,0.024769569,0.024455637,0.01898706,0.029598137,0.04811736,0.011263417,0.009905712,0.011102533,0.0504417,0.02518152,0.017463686,0.08963961,0.09702067,0.015663743,0.011765693,0.02449853,0.017518533,0.032803465,0.022293558
0.008009742,0.014040092,0.015049471,0.011561004,0.007937543,0.055755813,0.008612674,0.013731471,0.010648501,0.007788675,0.013239191,0.020734457,0.022801358,0.013882456,0.020445246,0.041610554,0.03191484,0.011567834,0.008521146,0.017900633,0.047006447,0.011055884,0.018381277,0.09555012,0.0847895,0.07152267,0.0183848,0.024560314,0.019041268,0.019133192,0.01882409
0.01351523,0.017990157,0.023056569,0.014429457,0.012163171,0.04983269,0.008766302,0.012244914,0.013687097,0.007878225,0.014150844,0.032351628,0.025207132,0.015087336,0.017978428,0.040192038,0.03813365,0.005201127,0.0082937125,0.01209941,0.0407018,0.009557153,0.015710639,0.09166498,0.102965415,0.013941985,0.010865795,0.022405524,0.02188038,0.022831202,0.0233733
0.00988991,0.014036011,0.021158922,0.012966708,0.008324903,0.04785891,0.013594793,0.01101896,0.013476761,0.010910411,0.009118448,0.02262736,0.015896745,0.016779248,0.032286905,0.046892803,0.04603592,0.008536596,0.012246477,0.028293509,0.03993169,0.014968148,0.021282827,0.098655775,0.07884378,0.03022986,0.015499541,0.018394144,0.015296814,0.015512434,0.02153037
0.0144420145,0.012793046,0.016067037,0.0076072747,0.019528959,0.051070303,0.0137637155,0.016665122,0.019940285,0.014984711,0.012947603,0.025998391,0.017812135,0.018002678,0.01726228,0.047634616,0.048065513,0.012887741,0.011569563,0.023911528,0.03601665,0.013490942,0.016950222,0.104754105,0.096449554,0.03410455,0.01179974,0.031548914,0.014870775,0.024024628,0.018984687
0.010892325,0.012379442,0.019859333,0.016562112,0.01623524,0.061006457,0.015529436,0.016547218,0.015113359,0.0052030296,0.009515714,0.030437207,0.031349897,0.012362105,0.030852923,0.046812907,0.027336525,0.00735428,0.012598418,0.012128285,0.030664189,0.015998948,0.014448733,0.08611069,0.108593844,0.02588636,0.010495445,0.020017408,0.015265425,0.017063728,0.017263936
0.008675427,0.0152041605,0.018252123,0.0104457745,0.01382496,0.050428133,0.012975346,0.018003287,0.02284941,0.010750573,0.008705382,0.032554604,0.020444624,0.014815566,0.017048007,0.058496326,0.036293022,0.009225073,0.00818207,0.017883178,0.049382582,0.02397917,0.023703756,0.07015936,0.106145106,0.021217223,0.01130409,0.01848631,0.013436979,0.02029576,0.027199399
0.008796572,0.012400572,0.011872629,0.011544644,0.010411114,0.05508531,0.011916762,0.013946555,0.0153894285,0.009397432,0.012628541,0.04006039,0.029771628,0.010794076,0.01889876,0.035895307,0.019088322,0.008592785,0.0099014435,0.025779502,0.03558701,0.017201077,0.014437789,0.08262413,0.09406548,0.01698248,0.015648881,0.016429672,0.01279326,0.015492866,0.020167034
0.011621724,0.01745643,0.016714228,0.010704809,0.01594894,0.042870175,0.014776839,0.013143052,0.012827904,0.011953326,0.010813166,0.03457373,0.028655238,0.013453996,0.024808142,0.052420042,0.026934408,0.025144529,0.0062745432,0.024367062,0.049358513,0.018165503,0.018654307,0.07841093,0.10179081,0.0089752665,0.010657992,0.019197386,0.015629113,0.010269142,0.014210312
0.0074626105,0.017729104,0.01696571,0.017068472,0.013838222,0.035146855,0.0112244375,0.014246011,0.027524795,0.0099023655,0.010050046,0.035673432,0.03584412,0.011705404,0.018877551,0.051913243,0.012967038,0.021008864,0.012891324,0.02650779,0.04099778,0.020578304,0.013497142,0.07346179,0.09883568,0.010747062,0.012571069,0.024143135,0.017716141,0.012785076,0.022178097
0.0122492155,0.023254674,0.018076198,0.011469278,0.010950129,0.048588503,0.011341231,0.012638352,0.02129912,0.011099814,0.0112062525,0.046688102,0.04028542,0.010745047,0.0139325475,0.057611715,0.03533379,0.023841593,0.0075968015,0.02588344,0.05144035,0.02817765,0.01804027,0.09297112,0.110130414,0.014754285,0.0119821,0.022332042,0.024467256,0.010863554,0.026129078
0.019958839,0.031137895,0.02539181,0.014948706,0.013283073,0.033379916,0.015999774,0.021073205,0.032632843,0.014955464,0.008147288,0.044428553,0.032867026,0.013139419,0.019558994,0.05168654,0.03307478,0.018657869,0.007527957,0.029208457,0.04150053,0.020593736,0.015588655,0.08652512,0.09612962,0.022345087,0.008697756,0.02567211,0.020586692,0.027120022,0.030212568
0.014330294,0.019593997,0.022782214,0.01912369,0.010526894,0.039409254,0.0108221015,0.01466792,0.019313537,0.0147630125,0.012684055,0.03550471,0.027803978,0.012135752,0.01208607,0.049906272,0.017782262,0.045673314,0.008282082,0.024351986,0.04712318,0.024481807,0.017177537,0.079802,0.097244106,0.03615755,0.009156064,0.012972848,0.014072804,0.008503184,0.024640927
0.012666637,0.01896903,0.02187509,0.01774304,0.011878907,0.039732475,0.014367611,0.012022396,0.014602568,0.010829324,0.010240563,0.03592584,0.02936228,0.015801331,0.017366894,0.044484317,0.020387711,0.031098975,0.014366851,0.018479906,0.03055631,0.02426738,0.028625784,0.077823415,0.070281975,0.013317871,0.0094216075,0.016483601,0.014209401,0.011125918,0.030675888
0.012522883,0.015492381,0.016551804,0.013683286,0.015906801,0.04749707,0.011371329,0.018032584,0.01534225,0.012595308,0.007115935,0.03737146,0.028346917,0.01287365,0.016388549,0.044072513,0.02263636,0.026536517,0.013775598,0.023926094,0.048753563,0.013064009,0.024476431,0.10661253,0.086826205,0.012400071,0.008560999,0.019596932,0.013741168,0.01109713,0.021234483
0.012860906,0.016937802,0.015569259,0.009774315,0.010629812,0.05220946,0.013758005,0.005243031,0.019403072,0.014853095,0.0058966437,0.03739292,0.028985798,0.013224898,0.017218936,0.06070876,0.025376482,0.021519784,0.009094986,0.02254217,0.036391973,0.011193871,0.0133329695,0.0925566,0.10705474,0.0506545,0.011106727,0.018978873,0.012151479,0.009332412,0.031966712
0.013002969,0.01629131,0.015736122,0.014546403,0.010448623,0.05165732,0.011053839,0.013369141,0.014292843,0.011658568,0.012113019,0.040400777,0.028272828,0.013261826,0.013395058,0.07437895,0.022902481,0.025219604,0.008947254,0.019281833,0.0483762,0.017600559,0.014654307,0.10569336,0.10206662,0.024318937,0.009531094,0.0164792,0.02136638,0.014327577,0.017149622
0.0135689555,0.01297393,0.01564698,0.011234933,0.016674316,0.0639701,0.013019862,0.006005896,0.015265332,0.007071506,0.0058208085,0.043981034,0.024304232,0.01599361,0.014828737,0.055777088,0.022323033,0.022658978,0.0077954913,0.009934817,0.05041973,0.016483713,0.01755344,0.08430988,0.10368864,0.017917736,0.010712668,0.014734394,0.0152069675,0.012869816,0.034475822
0.012900674,0.011593773,0.024690105,0.0104293935,0.014815759,0.06405276,0.00948418,0.008080927,0.0195058,0.008785603,0.01108667,0.049468335,0.023195824,0.012940964,0.023865873,0.04577865,0.019744702,0.02486198,0.008323128,0.021233294,0.046829633,0.01714683,0.017994061,0.08864595,0.08227505,0.04404611,0.010125126,0.017720995,0.020084398,0.011086222,0.037930142
0.0095387725,0.013847001,0.022389563,0.013343526,0.013042448,0.059818022,0.010871737,0.010498484,0.022690473,0.009329918,0.013900257,0.032537375,0.017238261,0.010725349,0.017073281,0.07071972,0.017543977,0.029868687,0.00998256,0.026795471,0.041854877,0.015403837,0.019797947,0.08306296,0.08877843,0.043067902,0.010754386,0.012896245,0.022423798,0.013955952,0.019228334
0.010123735,0.014805882,0.023324022,0.016349124,0.013652001,0.044672195,0.00920677,0.014429151,0.025414519,0.011189948,0.008177543,0.032332614,0.041946046,0.011195886,0.013180638,0.07163301,0.012102573,0.021057593,0.0087151425,0.02131934,0.030581323,0.014318048,0.019337201,0.07138895,0.11047742,0.02033819,0.0079971505,0.01575875,0.011674356,0.00899678,0.03564751
0.009461607,0.016742475,0.023911705,0.0117345685,0.010770513,0.052969262,0.00931171,0.010320714,0.021691183,0.009988147,0.009991516,0.04046244,0.022313014,0.01610041,0.013645203,0.059124492,0.026443997,0.016338527,0.0074834004,0.020642472,0.0429211,0.019396419,0.019327533,0.06932492,0.10223019,0.016996723,0.013460322,0.017324354,0.013273533,0.012203177,0.042417053
0.013712734,0.0128718,0.022319248,0.013831186,0.01737686,0.055977833,0.011230491,0.011355332,0.020078085,0.012958422,0.012243416,0.039436974,0.018975545,0.010590195,0.017665427,0.069741674,0.04026109,0.01831971,0.0070764488,0.020446593,0.045152612,0.012801662,0.018052863,0.04245698,0.086618185,0.029158594,0.01845125,0.02397027,0.014935051,0.012511369,0.03507308
0.0104763005,0.016454926,0.01931382,0.013767398,0.009756447,0.063664906,0.009191373,0.007363504,0.023899382,0.013206815,0.015895331,0.032839593,0.022744004,0.013378945,0.019774264,0.077862225,0.025162812,0.040147413,0.011327493,0.022500506,0.036933944,0.014516038,0.018482573,0.066284455,0.098591074,0.033626575,0.010070047,0.01789486,0.019500906,0.016348077,0.031927273
0.012137303,0.010114285,0.018596511,0.0119580515,0.007552629,0.06781689,0.0074126055,0.015606931,0.025019819,0.016541583,0.010604494,0.032321893,0.023623932,0.009402739,0.024172025,0.052990396,0.038595542,0.06228347,0.010494515,0.025756788,0.029887507,0.016317101,0.015801173,0.03583532,0.08377791,0.049330626,0.013702894,0.022821888,0.021614434,0.013154826,0.03811053
0.01566619,0.008989934,0.014872453,0.012361053,0.008778974,0.053517494,0.007502639,0.014509787,0.02241798,0.011801894,0.0058813263,0.035158366,0.022007886,0.011111183,0.016151194,0.05291107,0.044820204,0.055260483,0.009767125,0.03590379,0.042025656,0.006854727,0.016093658,0.08592811,0.08120374,0.06755801,0.012387942,0.02323597,0.019346947,0.013363811,0.044849634
0.00881104,0.0068929573,0.01162471,0.012190464,0.0075933994,0.04782089,0.007135261,0.01258665,0.021903293,0.014229016,0.013056038,0.027110254,0.01915378,0.014328151,0.012539885,0.054127637,0.026130168,0.034111258,0.010996858,0.025163528,0.040415432,0.021603905,0.01737152,0.06647394,0.08016822,0.0587137,0.01031138,0.021701742,0.013860295,0.014365611,0.03380139
0.0087116165,0.008075946,0.014168985,0.012844901,0.010431544,0.049541187,0.0075934688,0.01268733,0.018426385,0.011077293,0.010156393,0.036442198,0.021053193,0.0108319,0.012723771,0.046160847,0.029013315,0.035845798,0.0124955,0.032542907,0.03944032,0.012399161,0.018411532,0.07549605,0.09418796,0.048224017,0.010441192,0.014305683,0.009807514,0.010496016,0.039532155
0.008228478,0.00489721,0.015145984,0.006242596,0.012176315,0.046553217,0.008237043,0.011241883,0.01954491,0.006682044,0.015329444,0.032928154,0.014384101,0.011094181,0.023523275,0.03494943,0.03478353,0.039635174,0.008073646,0.02645485,0.021821948,0.009673758,0.019989638,0.07802343,0.08193942,0.051041603,0.014735528,0.011651869,0.0134011265,0.01901494,0.030637335
0.009758623,0.009413151,0.010663457,0.018649748,0.019507276,0.053790398,0.012091303,0.009899727,0.020375485,0.009344951,0.008327814,0.05327023,0.032052834,0.011455247,0.015976692,0.061441626,0.030827744,0.042223908,0.011125565,0.03311032,0.04572361,0.013229019,0.014778501,0.06619523,0.12800582,0.045800477,0.009979039,0.01661649,0.010875925,0.018411543,0.038180858
0.008580876,0.00871521,0.0110757835,0.01291656,0.020147521,0.047930673,0.008697729,0.010082311,0.021957701,0.012000316,0.012607494,0.05960422,0.031449504,0.009372729,0.015499277,0.063387334,0.032706983,0.026965326,0.009647201,0.031574845,0.02921869,0.010538472,0.013705959,0.07476928,0.10563432,0.033890594,0.010632442,0.020438798,0.013626884,0.01483049,0.024181023
0.00732068,0.008039403,0.014128719,0.016119208,0.013799987,0.041227613,0.009442345,0.0077670724,0.01711394,0.009257978,0.006977119,0.05062805,0.028208105,0.01011793,0.015829306,0.067353055,0.048159983,0.042306665,0.013320521,0.045457937,0.038582057,0.013348171,0.01654263,0.111799166,0.109075665,0.06782218,0.008098024,0.03180473,0.021087332,0.017622188,0.01883229
0.007055834,0.010524778,0.013503795,0.010436264,0.019535704,0.055725228,0.007916287,0.01011205,0.013742333,0.014049042,0.007061696,0.057968542,0.025684923,0.009050438,0.026878059,0.056248132,0.038042206,0.048604533,0.014619698,0.03578465,0.045183606,0.019370401,0.020405637,0.09478252,0.11406937,0.04683169,0.01206399,0.022520544,0.012228405,0.009957097,0.020428548
0.007929355,0.009237502,0.014605662,0.009483457,0.017834304,0.07038893,0.008195129,0.00924911,0.013246596,0.008981667,0.0069605885,0.062424485,0.01967647,0.007487715,0.021042563,0.08957417,0.046761047,0.03397458,0.012673914,0.040540747,0.03248241,0.010922065,0.013452435,0.09834745,0.106632404,0.054268453,0.016391642,0.01921992,0.01137589,0.019336613,0.020214494
0.009093572,0.005038866,0.015423718,0.011005088,0.027008671,0.0614688,0.009866894,0.010948295,0.011026449,0.008943133,0.0049061915,0.05367576,0.011697657,0.010067804,0.020723552,0.07469309,0.031063283,0.036066726,0.013063836,0.039828107,0.025125727,0.016141286,0.012087776,0.08449929,0.10854895,0.026718812,0.022326425,0.016740467,0.010341188,0.016795445,0.028321858
0.006431114,0.013820851,0.0160395,0.009197742,0.023390241,0.05778482,0.010869801,0.010411239,0.016316166,0.0149647165,0.0052209985,0.057473667,0.017654935,0.01305135,0.016231773,0.0641879,0.028119508,0.036733884,0.011837383,0.034080878,0.046011873,0.011816728,0.012604063,0.07065826,0.10470946,0.05941836,0.013085499,0.014094934,0.01657048,0.021291167,0.032076076
0.008691217,0.009690007,0.024179999,0.009724946,0.016926145,0.0589827,0.009090822,0.009881918,0.016075844,0.010662098,0.005176016,0.07107711,0.026080068,0.008420547,0.0133787375,0.054264095,0.04453384,0.036336396,0.009529361,0.036123075,0.06165535,0.012917608,0.0101865,0.097205445,0.10860608,0.038596857,0.009250695,0.029752508,0.019797131,0.013246972,0.028087633
0.009797851,0.0058374223,0.0221711,0.011519743,0.013081349,0.05615791,0.010158313,0.0072286916,0.013829394,0.013575527,0.006810494,0.054890305,0.0320832,0.013529091,0.017135132,0.04986874,0.038250297,0.032051843,0.01118911,0.037676886,0.046128802,0.011492472,0.0124879135,0.096648015,0.111746244,0.023301523,0.01101702,0.01758396,0.014045774,0.014488046,0.031573515
0.0072639273,0.009141854,0.020682987,0.009640514,0.015733713,0.064187236,0.009883217,0.010459852,0.014692934,0.012965462,0.0046966635,0.044398226,0.028999211,0.0102955615,0.019062435,0.05918659,0.030682424,0.052014034,0.01066735,0.03222308,0.04894366,0.016495863,0.009251267,0.095125474,0.10533176,0.021449806,0.009625906,0.026367491,0.010571824,0.020587314,0.037910193
0.006763178,0.0061755106,0.012180414,0.0071213753,0.011792596,0.07021235,0.008499536,0.009979199,0.019212795,0.0113592055,0.007127537,0.042052478,0.03133916,0.008110218,0.01663246,0.056382556,0.03134653,0.050156128,0.0080816,0.034871362,0.042815056,0.013041827,0.015433365,0.061830383,0.08378235,0.027221205,0.0071903835,0.023693996,0.011214157,0.013493394,0.06207623
0.007919073,0.0047933953,0.015886199,0.009847197,0.0154172005,0.064493224,0.012188891,0.009975926,0.023160202,0.012103333,0.0072170566,0.04261321,0.02991886,0.011524203,0.015265527,0.06841843,0.03472228,0.031190768,0.0070113866,0.0337566,0.054438166,0.009347982,0.012704975,0.07884925,0.10383891,0.03179141,0.006045136,0.016125564,0.010300048,0.010448649,0.049185816
0.007321253,0.0061916853,0.008518869,0.0074584116,0.015557738,0.06897993,0.011212242,0.0101009365,0.012754271,0.012022379,0.0058746934,0.05807964,0.030014219,0.013615657,0.01676088,0.06787483,0.035909034,0.043055847,0.007352518,0.03423591,0.044517145,0.008985021,0.009564603,0.0959573,0.09676982,0.024513707,0.010494662,0.014309708,0.010659726,0.011342052,0.053244673
0.008606495,0.012925414,0.013365455,0.0060746237,0.01232912,0.057632692,0.015472453,0.0064951833,0.014926226,0.005301535,0.0046375436,0.069598064,0.031623296,0.011744529,0.012603132,0.044652008,0.027888155,0.0521654,0.010336166,0.033936013,0.061567497,0.007837881,0.016647125,0.08759616,0.0684357,0.023305582,0.0075159916,0.012071276,0.0060585043,0.010538732,0.056453515
0.0076580984,0.009286744,0.01821758,0.006059504,0.0068474696,0.067149766,0.014768124,0.010330967,0.010343783,0.0131399445,0.010074957,0.06558289,0.013877713,0.011517018,0.014418917,0.060116813,0.04089154,0.055667017,0.011236772,0.031239985,0.062505014,0.011744754,0.018003566,0.106697455,0.08696891,0.038052768,0.006136854,0.014907738,0.009815578,0.009044536,0.036096778
0.0070283213,0.0038730833,0.012321311,0.005606801,0.012744753,0.06493074,0.020919412,0.0068979403,0.01094844,0.009295303,0.007759412,0.04771242,0.020509182,0.015168057,0.020273857,0.07354584,0.03770395,0.04376387,0.011201072,0.029203324,0.06116888,0.008005635,0.01383413,0.09486139,0.09838278,0.0212608,0.0060434258,0.010259003,0.008969204,0.01667988,0.023562623
0.0052472483,0.0048021358,0.013512211,0.009291849,0.0070722965,0.07149203,0.017862462,0.006532305,0.011741053,0.006675203,0.005174073,0.049156442,0.02546961,0.011830195,0.008869037,0.049874503,0.04122972,0.05503857,0.009222573,0.027880358,0.044971533,0.010853304,0.010645378,0.109593496,0.08444487,0.011603826,0.005817175,0.016094863,0.0068507525,0.015498385,0.03138307
0.0056425394,0.00650857,0.013153058,0.0052869907,0.007634149,0.07240164,0.014066264,0.0072681704,0.013053291,0.013128857,0.008317568,0.0566804,0.03265719,0.010283493,0.009777011,0.052761,0.042152718,0.04059677,0.01377666,0.047034092,0.03729031,0.010432818,0.013381845,0.07136553,0.0927132,0.033053637,0.007170195,0.009755277,0.0069734296,0.010931887,0.027254557
0.00633626,0.009251335,0.013565224,0.0070678466,0.015609473,0.063211195,0.01929265,0.0103630675,0.015545185,0.0047179977,0.007845501,0.051565807,0.021042202,0.013095743,0.013337952,0.032911167,0.048069894,0.048329122,0.010027925,0.025743186,0.036364373,0.010632032,0.010785164,0.060766183,0.07906745,0.028327994,0.008106226,0.01200617,0.0073689325,0.014738489,0.026767043
0.0097222645,0.0070621013,0.0100272,0.010395447,0.008195654,0.05817973,0.011463229,0.009039638,0.016775863,0.007364017,0.008804935,0.03736688,0.020710416,0.012643489,0.012497648,0.061600663,0.039374843,0.04426887,0.0071206153,0.036949065,0.037077975,0.008459634,0.014774435,0.0910144,0.09448605,0.02119224,0.0076929177,0.010450952,0.012196423,0.014023417,0.03596353
0.007378057,0.0073096314,0.010712996,0.013488114,0.007470623,0.06394176,0.014599598,0.015457604,0.018339762,0.010272767,0.009146023,0.054043494,0.013470421,0.013518158,0.012715547,0.054220304,0.03902564,0.03526274,0.008853715,0.024295315,0.044316474,0.013310316,0.012686107,0.07820618,0.09184993,0.039713923,0.008779699,0.015463861,0.014984044,0.01007263,0.047402065
0.0069988244,0.004305138,0.010233571,0.013066446,0.0064301114,0.06404142,0.012923878,0.008637252,0.011941382,0.007984487,0.009890202,0.05977386,0.02923393,0.011792078,0.011538446,0.047108617,0.05478833,0.03745527,0.0080630705,0.040848807,0.041162446,0.0106145805,0.012693551,0.084638104,0.097693,0.025573557,0.0067508663,0.018113766,0.00673698,0.007999832,0.032256626
0.009117184,0.0073742955,0.015764609,0.015213305,0.0074146055,0.063878104,0.01172702,0.0059681823,0.012013361,0.007910521,0.009276072,0.059834413,0.029959686,0.01832523,0.009505438,0.06835433,0.044193987,0.036728457,0.008759452,0.041462626,0.046075456,0.01153171,0.015248182,0.078004174,0.10228429,0.0149794575,0.008167535,0.017656872,0.008246948,0.011843508,0.040377934
0.013634636,0.0064442283,0.017959844,0.018445576,0.0061169076,0.0688641,0.007997719,0.012641229,0.012046058,0.0050210888,0.008814297,0.059743218,0.03484552,0.013517437,0.015685076,0.054981854,0.039309207,0.06354698,0.010211518,0.040960897,0.023192074,0.01347649,0.020226575,0.07716928,0.09135007,0.0445194,0.005576921,0.0108700255,0.009379572,0.007962402,0.059593905
0.010567401,0.004499265,0.019437756,0.011249382,0.0068942513,0.06234963,0.008760909,0.0086830035,0.011656225,0.009798758,0.010750806,0.051754255,0.027014054,0.018879142,0.016811028,0.081815116,0.037851017,0.06868161,0.006508855,0.058700472,0.029211573,0.009858455,0.0114576435,0.058480565,0.10741587,0.03852086,0.004585025,0.011254789,0.0073060137,0.011343283,0.061690506
0.008396627,0.0038245788,0.017493432,0.0062891794,0.0075894054,0.06791762,0.010776486,0.007438591,0.013241168,0.007353372,0.010671476,0.06902691,0.016541144,0.02020558,0.012489533,0.069158256,0.035793576,0.041941337,0.008572623,0.06707101,0.04699153,0.009684563,0.01843176,0.066800326,0.09822418,0.03792006,0.0056734285,0.008832644,0.007567933,0.01142611,0.032891188
0.013667908,0.0030212884,0.015636448,0.0111304065,0.0058241673,0.0714638,0.005957422,0.009235184,0.013500643,0.006559766,0.01143663,0.06143619,0.01942754,0.009380691,0.015257351,0.07675359,0.03326153,0.065431274,0.005949804,0.055912852,0.018928537,0.0070912717,0.015194696,0.081333674,0.08990422,0.03911653,0.009214309,0.010698571,0.004900596,0.009230497,0.043412965
0.008921335,0.004441234,0.01769021,0.012493925,0.011028218,0.075516365,0.0061773453,0.010055911,0.00851593,0.0065432624,0.008581853,0.07307279,0.03254178,0.014390309,0.012153938,0.057735343,0.034378868,0.063448004,0.0069780233,0.063747324,0.04706474,0.016324062,0.011484487,0.06255892,0.062591374,0.05241625,0.00721496,0.011292651,0.0076699913,0.008383953,0.035416853
0.01055207,0.0045365016,0.01759602,0.011164227,0.0068913386,0.07940467,0.011481029,0.01374221,0.016183414,0.012453199,0.0087926425,0.0626247,0.02320782,0.013344134,0.018462183,0.07158665,0.03631602,0.0667783,0.009827171,0.05398839,0.06831863,0.010578107,0.0115186535,0.08617911,0.06838325,0.017785877,0.0073044105,0.011729422,0.0077345488,0.010836397,0.037516803
0.005876923,0.0049526086,0.013221319,0.0072035403,0.010208852,0.08504548,0.0066872025,0.007906632,0.012425527,0.0077223894,0.0067988588,0.06722376,0.019744113,0.0096405735,0.017343584,0.06614167,0.036654975,0.06088727,0.008700604,0.051039293,0.056396123,0.0088392235,0.01325082,0.10453928,0.07844286,0.05093222,0.0053345617,0.009984363,0.009830669,0.01647487,0.041538194
0.005952513,0.0067598447,0.019685453,0.008503394,0.010109393,0.068687245,0.009996879,0.009299091,0.0067628315,0.0069292365,0.0068825698,0.057932716,0.012020548,0.007961116,0.013744156,0.07420077,0.036201447,0.046128392,0.009770582,0.03981284,0.05045894,0.00820347,0.012145295,0.09361725,0.0776996,0.056499153,0.0061442074,0.012428368,0.007874724,0.017212521,0.051005445
0.0052950196,0.0073909485,0.015836045,0.012422456,0.008458447,0.06670282,0.0057427934,0.009570932,0.015595186,0.004155662,0.0049289186,0.07598754,0.020560052,0.010193472,0.015769368,0.05837591,0.026475897,0.051507186,0.008651115,0.03730928,0.050303552,0.0075713,0.012447634,0.10918789,0.078933,0.06513814,0.0039060623,0.009212438,0.010008991,0.017540079,0.04450872
0.006380724,0.0074837133,0.012451996,0.007934749,0.0069098226,0.07725218,0.012975643,0.010096188,0.01296277,0.0096070245,0.0085272435,0.07215957,0.015870305,0.012120645,0.0154356025,0.049429536,0.03826737,0.05424953,0.007378633,0.04929841,0.05062706,0.009342791,0.012493228,0.10620782,0.08294694,0.07683786,0.010635373,0.014473752,0.005924354,0.017119871,0.05734338
0.0048339823,0.0037089156,0.011371145,0.0075562713,0.0076884213,0.06506612,0.0060706637,0.0077935676,0.0110134715,0.0077137845,0.0076756147,0.07911547,0.017476618,0.0099544525,0.013517378,0.03733825,0.03486379,0.049650263,0.006077979,0.036239613,0.054539025,0.011378479,0.013854426,0.09034975,0.09001704,0.063521504,0.007728187,0.0066927373,0.0064601875,0.012183711,0.06152194
0.004459051,0.0037860356,0.011864689,0.006835695,0.010553479,0.082761064,0.01084807,0.012539449,0.013224171,0.004974271,0.007874038,0.08603706,0.018581,0.007186678,0.012510835,0.035449248,0.031279776,0.04379132,0.0078066103,0.041266024,0.05032314,0.007652437,0.010579573,0.094870515,0.09045012,0.08682912,0.008810476,0.008940243,0.0088900635,0.015422058,0.05915055
0.0064483774,0.0027966877,0.0078116744,0.015222824,0.00708231,0.06634234,0.013467491,0.012342366,0.014842801,0.0062204422,0.0069455584,0.06651346,0.0106128715,0.01379121,0.0130512,0.033102892,0.03700145,0.05230739,0.005780911,0.051423352,0.023431433,0.0136364475,0.014725011,0.09752209,0.08717411,0.0776487,0.0076871146,0.007999072,0.012984396,0.019169351,0.059911117
0.004513693,0.005644405,0.009904551,0.010540014,0.011667197,0.05072363,0.013712076,0.010192619,0.012640993,0.0067310156,0.0081135435,0.07917557,0.014119192,0.0092831645,0.012517994,0.04747255,0.02950192,0.06309703,0.009497815,0.054744154,0.047162313,0.009227435,0.010301204,0.09352094,0.08918606,0.07750269,0.016760593,0.008484991,0.013954205,0.012786944,0.036167752
0.0057300753,0.0052955644,0.00819323,0.013589418,0.010044,0.06945069,0.014234063,0.009807695,0.013773034,0.005266247,0.012205146,0.0747337,0.017688325,0.0049559823,0.010793751,0.042209852,0.04032224,0.07516005,0.0065665846,0.047260508,0.03399803,0.008092247,0.011528482,0.07611418,0.08531824,0.07536463,0.01800399,0.013015703,0.007561068,0.012697451,0.04698709
0.0042929742,0.0046969354,0.006984565,0.013011528,0.009501428,0.075795755,0.01010266,0.015833816,0.014199856,0.010946456,0.005265267,0.08786281,0.017391324,0.010360414,0.010427267,0.023553783,0.036354966,0.054565273,0.009531333,0.065461256,0.037563473,0.010831687,0.011703292,0.07456395,0.09793441,0.0695674,0.005847763,0.010393505,0.009764539,0.017251702,0.043702554
0.0055421954,0.0057867696,0.010043184,0.012344177,0.012391047,0.06656767,0.012748333,0.010851807,0.011908857,0.010736661,0.008194013,0.05435097,0.03163673,0.00814091,0.0066867685,0.040474318,0.026760437,0.056940053,0.008491449,0.0504092,0.03334352,0.008641729,0.00623875,0.0710671,0.102853626,0.083044566,0.007653736,0.0073282374,0.008918374,0.015071667,0.03327178
0.007360199,0.00423831,0.017785544,0.0053514903,0.00787619,0.07385383,0.015978683,0.013126692,0.011178241,0.009403423,0.0062021944,0.07437225,0.012155601,0.009821835,0.009952191,0.050355267,0.050815444,0.052577112,0.004274292,0.036951106,0.03050148,0.009433443,0.014408192,0.0892402,0.10249628,0.047034733,0.008860142,0.013485582,0.008832213,0.008618395,0.046678588
0.006916916,0.0027660478,0.0130912075,0.012514359,0.008315235,0.06375054,0.008925665,0.00700811,0.02137578,0.013043231,0.0050308555,0.06628554,0.02408115,0.00829893,0.018097313,0.05182762,0.043982584,0.04462486,0.010853222,0.046401195,0.020825341,0.016217379,0.01163615,0.101770826,0.10517481,0.0314277,0.0046452363,0.009887536,0.010437954,0.014071633,0.055631865
0.005023077,0.0051360647,0.008016424,0.011205249,0.0076567363,0.0700484,0.011248656,0.01746494,0.013374473,0.01789073,0.0057517975,0.06550892,0.013539121,0.0076208096,0.016028333,0.055256184,0.03288724,0.056508265,0.01160066,0.036250535,0.018980138,0.00963143,0.016519595,0.1102464,0.084110945,0.029955188,0.008465398,0.014415727,0.018553734,0.021252522,0.036902737
0.006549443,0.0057903607,0.014789532,0.011735863,0.004929033,0.068493254,0.012188243,0.008338344,0.017385667,0.008251483,0.006476933,0.06252229,0.012849844,0.008630299,0.013181898,0.050596822,0.03364598,0.04788433,0.0064567775,0.038643714,0.026776211,0.0071780873,0.012836595,0.08760497,0.083254755,0.04479735,0.0057870224,0.008572139,0.012726902,0.014249545,0.04232914
0.007663076,0.0049070604,0.014300799,0.012454401,0.008809935,0.066428065,0.017851816,0.010367762,0.012464125,0.007687405,0.005202258,0.07252329,0.018284444,0.009291131,0.012362085,0.050203674,0.030373672,0.04444571,0.006612297,0.03703985,0.033074595,0.011873519,0.010149693,0.07539046,0.08771482,0.05282838,0.0070000226,0.016127992,0.0070972736,0.017104603,0.040151168
0.005698858,0.006473921,0.013010924,0.015263224,0.0134707745,0.059105147,0.009503325,0.01140649,0.014221867,0.008470677,0.008237025,0.06619065,0.014124363,0.0072516347,0.012201944,0.05687706,0.03250521,0.07049343,0.007698284,0.045668308,0.016925521,0.0066285133,0.011706894,0.1097092,0.081965804,0.07959088,0.005569499,0.010997007,0.009291161,0.017085357,0.024204455
0.0074660815,0.0049963086,0.015189457,0.012024643,0.009153531,0.06860656,0.01028381,0.009497177,0.01487416,0.0071898275,0.00769764,0.074986815,0.02096314,0.011694882,0.011492791,0.06302228,0.035741426,0.045609057,0.009627669,0.053838756,0.02924013,0.0077892323,0.010507021,0.11699324,0.106620826,0.08170662,0.0054269684,0.010432421,0.009978716,0.013932783,0.04965823
0.007972007,0.0032956991,0.013712768,0.009862577,0.0068190685,0.06891759,0.016679903,0.011877724,0.017583437,0.0057499553,0.010385923,0.06842279,0.011263544,0.007318632,0.015409685,0.044606615,0.036694404,0.0646439,0.01116624,0.041748647,0.027764179,0.010517555,0.011427744,0.09198658,0.09866329,0.10411881,0.007381014,0.013617149,0.0072207693,0.016465584,0.048602797
0.008757877,0.0031964232,0.008371238,0.015010254,0.008185129,0.07168938,0.015760887,0.008727677,0.017460367,0.009781727,0.0061701485,0.060699,0.010694156,0.006359567,0.010614024,0.05883426,0.04036907,0.0722207,0.007019164,0.05756165,0.027687823,0.008000445,0.009650497,0.10905642,0.0990967,0.07460559,0.006115079,0.01187602,0.006939375,0.012013608,0.044047553
0.005155773,0.004718345,0.013729693,0.010291112,0.0061651287,0.055829782,0.009515478,0.0074785943,0.012710321,0.007689109,0.006539936,0.08316424,0.0139783565,0.007765356,0.0065934104,0.050454907,0.046084825,0.08166526,0.010244223,0.06558232,0.028951736,0.012510832,0.008007163,0.08052618,0.10011252,0.015030764,0.009163764,0.0054725385,0.007975523,0.0102803605,0.032924965
0.010370965,0.00348043,0.0092578195,0.013545893,0.0043816287,0.067637354,0.007038992,0.0074711656,0.018172164,0.0073877894,0.00447646,0.073207445,0.012557932,0.013729409,0.010116234,0.040541697,0.053822648,0.08562912,0.007816592,0.04806497,0.033877376,0.011305448,0.009786857,0.107484885,0.11733584,0.053590134,0.007903465,0.009590288,0.0056422586,0.009672162,0.046651725
0.007915079,0.0055740117,0.018678892,0.0060788225,0.011056022,0.07983041,0.0064770174,0.0077641234,0.012896122,0.0061055087,0.0056887716,0.08936387,0.00990934,0.008823207,0.008388161,0.05379752,0.032084282,0.05554303,0.008175478,0.050668634,0.032667864,0.0033872442,0.007615448,0.117274724,0.10233395,0.094296895,0.0070386077,0.009834083,0.008865563,0.008113903,0.032811437
0.0060337577,0.009434138,0.017214997,0.014078709,0.0062659183,0.05254331,0.0086528715,0.009659469,0.011043613,0.008479105,0.004927127,0.07228329,0.013482723,0.0087807765,0.0064291707,0.044335198,0.03528695,0.06656266,0.007777464,0.03658914,0.024088638,0.010577663,0.007207521,0.09677973,0.11422042,0.090916306,0.007095559,0.0077013406,0.0069396766,0.011241455,0.041847628
0.010002262,0.0044423286,0.013896929,0.010520757,0.007047497,0.06486901,0.0069094845,0.01308546,0.012636168,0.005821992,0.0055969204,0.06860042,0.014826871,0.008911209,0.007961224,0.032981966,0.037046093,0.07880702,0.011985478,0.058647033,0.016886681,0.0060943044,0.009969411,0.13083284,0.09422285,0.1133437,0.010660817,0.0053327326,0.01155745,0.011064639,0.046361838
0.005625919,0.008469423,0.021811372,0.0069822185,0.0049124514,0.056021344,0.006920504,0.008866277,0.016414583,0.0068347827,0.004365186,0.068453684,0.020838186,0.00877067,0.0083143,0.043494787,0.040827334,0.065833285,0.009322208,0.051068187,0.03388405,0.015985975,0.009672246,0.09960464,0.108630516,0.109193526,0.010612278,0.00746686,0.007834698,0.014694758,0.04176712
0.0061835484,0.0072116903,0.028410034,0.008731543,0.008190056,0.04990444,0.007331761,0.0069150752,0.014198132,0.007021271,0.005872305,0.0707523,0.02539556,0.008218945,0.009967789,0.04154969,0.037567783,0.035266615,0.007213864,0.03823683,0.03879997,0.011133497,0.0072060064,0.11239289,0.11481925,0.10959876,0.008292445,0.010900951,0.0067341807,0.008783667,0.039412025
0.0046854685,0.007322751,0.02205761,0.007596778,0.0054375296,0.055446412,0.009757221,0.009089622,0.012245852,0.010490568,0.012206545,0.06610698,0.043449786,0.0107291825,0.009060022,0.042829078,0.044665284,0.056484006,0.0072539053,0.040635347,0.02092464,0.0146218315,0.010496988,0.0932774,0.11756308,0.10388648,0.00591247,0.010946534,0.010046394,0.012333557,0.026052104
0.0055251056,0.0066729677,0.014024359,0.008992201,0.0077853217,0.061262097,0.010006942,0.0094676,0.01174331,0.008971275,0.006566477,0.06394152,0.022377677,0.013075727,0.009693776,0.028594041,0.025546696,0.052377213,0.006572531,0.037056204,0.018404063,0.013289077,0.010528775,0.07843976,0.090849504,0.070439875,0.004983847,0.0087727355,0.009795341,0.009064786,0.030323215
0.01311862,0.0054910663,0.011292015,0.0127915405,0.006316559,0.061142523,0.008268124,0.009657496,0.020418838,0.00913925,0.0072376938,0.08977831,0.032061897,0.010224449,0.0090399925,0.027156714,0.045566697,0.042935923,0.011145341,0.03590557,0.022015559,0.015712647,0.009815359,0.10077376,0.12243,0.09123842,0.0054273605,0.008443219,0.010380634,0.0128577985,0.022731444
0.0048602065,0.006750706,0.018554315,0.00806442,0.004769307,0.05647489,0.007957489,0.009316589,0.013853064,0.0075114826,0.007783362,0.08998476,0.020002976,0.008807386,0.009262717,0.034513924,0.044164862,0.044189565,0.0056330375,0.02755875,0.022555487,0.012047555,0.008859228,0.11079401,0.10673019,0.090430416,0.0076873805,0.010986411,0.006991301,0.008539378,0.017912421
0.007823294,0.004154211,0.016573586,0.011292479,0.004766887,0.060455184,0.0069765584,0.007821817,0.016041117,0.008383984,0.0059414078,0.09746439,0.034112938,0.008893951,0.006767039,0.026689494,0.03698347,0.044024244,0.008132949,0.032645714,0.035628878,0.020970006,0.0076627205,0.07148611,0.10400732,0.05939015,0.0075846813,0.015384031,0.008865102,0.0091555435,0.030532226
0.006085132,0.004443038,0.015974708,0.012293463,0.0046103233,0.062904164,0.008393663,0.007242742,0.013225671,0.0061258124,0.008141451,0.07328777,0.037554853,0.0084816795,0.008848787,0.028495701,0.039021682,0.06517011,0.0058979183,0.04646289,0.046057094,0.02018853,0.014997006,0.103262946,0.09544708,0.06607424,0.005038584,0.010261252,0.010572455,0.008195557,0.021355946
0.0074334457,0.0061612884,0.013908748,0.0058476785,0.0058342963,0.07092995,0.007285125,0.006921097,0.012804563,0.006468482,0.008124172,0.08105629,0.03134168,0.019017573,0.007214191,0.035117015,0.039543863,0.045620147,0.0061249756,0.030520335,0.03609135,0.010490192,0.012773548,0.10683219,0.09994603,0.07728624,0.0077645406,0.009448786,0.0093461685,0.011927187,0.017293507
0.007285676,0.008446279,0.013091313,0.008740229,0.0064267768,0.06602864,0.0047880067,0.0053768894,0.008223001,0.0074127438,0.00538972,0.08179797,0.028101373,0.009220523,0.007502599,0.032245126,0.030488072,0.07067708,0.006410947,0.03351814,0.031360615,0.009748205,0.011875317,0.11581482,0.10174369,0.09132197,0.008437294,0.01243534,0.006771162,0.007997544,0.026724841
0.009183905,0.008063118,0.0065450547,0.0046013063,0.0077360063,0.05335962,0.0047540045,0.004559877,0.011808485,0.006484668,0.0070238397,0.09487359,0.012304595,0.0055715023,0.0071042953,0.02218673,0.03437553,0.07928275,0.009371889,0.03314593,0.022441626,0.011738245,0.012417599,0.09464809,0.10461669,0.101982124,0.006938884,0.010929942,0.0056867306,0.009655258,0.036978293
0.0062239324,0.0047571184,0.010414917,0.007461214,0.006197721,0.059474148,0.0054831877,0.007181879,0.009603137,0.008992302,0.0046941456,0.09218927,0.012563167,0.005996481,0.0060857474,0.029173087,0.03515075,0.09387233,0.005572426,0.048554532,0.022172933,0.009345371,0.01150726,0.09413165,0.09931815,0.08001965,0.0043854592,0.010944803,0.007681074,0.008860092,0.031858586
0.006672592,0.0035241917,0.008712623,0.006783432,0.004602685,0.05021435,0.004737884,0.0101583,0.008207776,0.00766718,0.004685205,0.0739955,0.013288776,0.0046875346,0.009188311,0.03205278,0.031785484,0.075140744,0.0066972864,0.049537186,0.025629744,0.0058038845,0.009203185,0.08549947,0.094121076,0.10963754,0.0070632286,0.007063315,0.0055875015,0.008010381,0.029448977
0.0069331652,0.0046685315,0.006834386,0.0070557515,0.005244753,0.056556724,0.0060901926,0.010625074,0.01165639,0.009703779,0.008942876,0.08939895,0.020982161,0.0049719433,0.007550336,0.035105508,0.05005407,0.07475867,0.011703168,0.039146524,0.020501856,0.006755863,0.0069111483,0.09811771,0.08850696,0.061451994,0.0035604048,0.0058650174,0.007686562,0.008591349,0.033342067
0.005282059,0.0062442026,0.004807905,0.007428926,0.004799812,0.07405391,0.008897964,0.012722587,0.018583499,0.008040048,0.004441787,0.08017803,0.016983882,0.006124347,0.007247019,0.036812954,0.03575961,0.080241114,0.0075153215,0.048945397,0.041902795,0.008665032,0.0071426416,0.093771175,0.095834844,0.089974925,0.0041332007,0.006477907,0.009187695,0.0074288845,0.04110298
0.006774492,0.0050939634,0.0074291066,0.006703655,0.005143952,0.07962164,0.006629865,0.0080716135,0.010647715,0.010244565,0.0044900533,0.08480929,0.012615362,0.0103282,0.0077344812,0.028671661,0.034930363,0.0728203,0.008930037,0.047752906,0.03265135,0.006788677,0.007753112,0.089485146,0.09393459,0.081335,0.003926054,0.0069655925,0.007303802,0.007359259,0.04462159
0.007826897,0.0072349245,0.007759728,0.007002475,0.006199913,0.06637269,0.00559927,0.007048938,0.019024998,0.010044304,0.0052262098,0.0823126,0.012051327,0.008023769,0.007351982,0.028096274,0.05219314,0.06663061,0.008646109,0.054577537,0.033850797,0.0059320102,0.010789273,0.095872946,0.09825887,0.06975527,0.0046141343,0.007524123,0.011030559,0.007038319,0.056486703
0.0049716607,0.0053787134,0.007816908,0.007290346,0.0037793224,0.08125586,0.0055637024,0.0045075915,0.009638298,0.008177884,0.00638734,0.07787514,0.012820368,0.0055199745,0.0074791275,0.025203703,0.04650128,0.07622811,0.007439139,0.05568426,0.052419405,0.006293001,0.0074552917,0.10720211,0.08752045,0.059688702,0.0067202146,0.0108381035,0.0086041,0.014171406,0.04728752
0.0044912915,0.0066118063,0.007947362,0.005272934,0.0076490184,0.0547966,0.0039947154,0.007098637,0.008922862,0.007352023,0.006445042,0.07827525,0.016490538,0.0047706794,0.013902164,0.042977408,0.04049108,0.05877119,0.0080919415,0.059391648,0.053909767,0.008303222,0.0059028585,0.08357668,0.104420796,0.10782487,0.0041989326,0.0065238355,0.008574987,0.008751172,0.05185601
0.0046871593,0.0042673107,0.0062320656,0.00463014,0.0057958285,0.072081804,0.009898847,0.008118434,0.012097542,0.0062963385,0.0048588472,0.07233438,0.019487275,0.0038687391,0.01027783,0.04421152,0.044946354,0.05841719,0.007386823,0.06947835,0.04787839,0.009104607,0.008120393,0.079632826,0.10973685,0.09954961,0.005123796,0.007206002,0.009461772,0.005808965,0.058233045
0.0027564631,0.014145347,0.004819614,0.00542919,0.003994396,0.0638197,0.005790621,0.006341056,0.0063384087,0.012408619,0.00649759,0.071213305,0.026103327,0.0058081024,0.0073641245,0.012112036,0.04912265,0.078090936,0.0053369496,0.04570702,0.03056453,0.00643708,0.008144914,0.101939194,0.083348855,0.09179137,0.0060842833,0.0076188813,0.005347844,0.007532206,0.046199426
0.0039070444,0.004918426,0.0049822973,0.010067067,0.004687578,0.06905404,0.005582338,0.0067849723,0.0057989755,0.010681221,0.0058422647,0.07817147,0.03388724,0.007080766,0.0068985256,0.040684786,0.040406108,0.07249289,0.005852123,0.06581469,0.033912085,0.008166615,0.0071654967,0.11071079,0.09650353,0.08747332,0.005416,0.007137916,0.0046759015,0.007999864,0.04648632
0.0046311547,0.0051174434,0.0051024044,0.0072360123,0.0038805695,0.07519834,0.007804816,0.0065502566,0.012204423,0.008612755,0.0069690016,0.07688071,0.02862835,0.0063813957,0.012518522,0.040866192,0.053650454,0.065693356,0.0077272374,0.0760899,0.031438693,0.01116119,0.0057151597,0.08759917,0.10783529,0.10370297,0.006531025,0.008152965,0.0066270153,0.011609803,0.05278466
0.005300771,0.008087214,0.005243002,0.007384044,0.0034143212,0.073504835,0.004141633,0.006185248,0.008367698,0.009902825,0.0043805195,0.08147397,0.040844932,0.0038935735,0.007198896,0.04715389,0.0575512,0.06661412,0.0069235857,0.05649714,0.037339468,0.0060743564,0.008451599,0.09319027,0.108147345,0.11051466,0.005357293,0.0073328684,0.009173088,0.007284472,0.034308225
0.007464041,0.009497481,0.0061864005,0.009398301,0.0052084425,0.06447853,0.006610553,0.010150566,0.0058129677,0.008246198,0.0042152274,0.08356914,0.018213676,0.005607443,0.0058155963,0.042272944,0.055726588,0.07490002,0.006334849,0.05919104,0.024955388,0.004582678,0.008184143,0.091151565,0.086778715,0.12304861,0.0037043027,0.0059733237,0.0072720596,0.0071938518,0.055730414
0.007137888,0.0062254,0.008090183,0.005998009,0.0055959295,0.065213434,0.005337761,0.0075021763,0.0034345842,0.013248732,0.003211969,0.09779424,0.024633365,0.0050018835,0.0075352397,0.040465858,0.040394466,0.08771139,0.007818772,0.045656122,0.041429132,0.008172725,0.008058941,0.098478846,0.10046147,0.08876142,0.004005717,0.0070583266,0.0062582116,0.007014781,0.036015753
0.0043433704,0.005311388,0.007245383,0.005933854,0.006873299,0.06328499,0.0072494047,0.007440057,0.0036382433,0.008272145,0.0039760205,0.097041085,0.023200542,0.005349372,0.006709877,0.036230545,0.05471701,0.08117641,0.008438225,0.05360771,0.049473546,0.0077897776,0.010610721,0.08533913,0.09784644,0.09720169,0.003362328,0.008983475,0.008362392,0.009912623,0.030608954
0.0069557256,0.006135516,0.0057562576,0.009132465,0.004970815,0.057671938,0.0046293344,0.007041411,0.009307579,0.008591706,0.0042244596,0.06563775,0.020414118,0.004850788,0.0077422545,0.024702601,0.05221831,0.056538843,0.0034164817,0.047390718,0.041923083,0.00694523,0.00713853,0.08422053,0.07167671,0.07821538,0.0042057927,0.00898845,0.0077970503,0.0103636,0.025264181
0.0051486855,0.0050435876,0.008815817,0.008716937,0.0054962975,0.057987917,0.0052887667,0.0085737165,0.0053359247,0.011828335,0.0028164478,0.06637284,0.017777428,0.004517352,0.0047090114,0.025834246,0.048588514,0.058054272,0.0029255424,0.055682853,0.03046655,0.00487879,0.0109676635,0.08422303,0.099767774,0.08528377,0.0050009154,0.0062814974,0.008987568,0.0075701964,0.03206409
0.003932691,0.0055994014,0.0045500863,0.006601642,0.0042898073,0.04506318,0.005193115,0.0071688904,0.010714314,0.010296991,0.0048527056,0.06003163,0.02006159,0.008992821,0.007114673,0.02315525,0.05567171,0.057049174,0.0055428003,0.075440854,0.02584649,0.008691223,0.00760122,0.10254292,0.14565793,0.09508126,0.005859027,0.0049406625,0.0066303816,0.00685539,0.044597197
0.0035002902,0.0054550883,0.0053786845,0.0035844897,0.006237622,0.0658381,0.0061704568,0.0070546456,0.010108988,0.0068554403,0.005071671,0.09120012,0.022004213,0.008805349,0.005203171,0.025835052,0.058836695,0.041796412,0.004658436,0.069105744,0.03279241,0.008389536,0.007852633,0.0739514,0.105075404,0.044740777,0.003736297,0.005774422,0.0079810005,0.005721662,0.04416363
0.0036817363,0.0032609112,0.006866905,0.0036871003,0.0032560537,0.06359857,0.0049300273,0.0038078637,0.0090007195,0.008070514,0.005741559,0.07930774,0.006840533,0.008063,0.007775345,0.04517425,0.03490308,0.039167337,0.004063011,0.050358485,0.0303554,0.007491402,0.0063149235,0.09573367,0.10418539,0.04279594,0.0029379467,0.006929011,0.009412258,0.0076682563,0.029516423
0.0040408648,0.0034233104,0.0074592563,0.0023520945,0.0026767273,0.07544123,0.0054426845,0.0043152156,0.011262367,0.008819031,0.007482205,0.087319165,0.017308796,0.004202992,0.0049629505,0.04147007,0.037676234,0.060839918,0.0042224894,0.051399693,0.022689719,0.014088778,0.009293322,0.08830106,0.105861135,0.07106081,0.0032536369,0.0060142223,0.007309205,0.008824202,0.03428205
0.003783282,0.0019810142,0.008389311,0.0055175656,0.0019001804,0.04281566,0.0029683204,0.0061955703,0.0076667564,0.0034924038,0.0059601762,0.050355926,0.010623985,0.0029703595,0.003721677,0.006925811,0.03482039,0.032278948,0.0040135374,0.025647242,0.018072123,0.0018422211,0.0065192757,0.03105467,0.050819103,0.021501033,0.0013411172,0.0025455635,0.004255326,0.008146703,0.016820459
0.0027570045,0.0015031492,0.0042813555,0.004028115,0.0030426367,0.0368985,0.0023319689,0.0058642547,0.005674701,0.0038889884,0.0024245419,0.04958256,0.012734899,0.0056740437,0.0025557356,0.008247225,0.0139676845,0.028647894,0.0028654528,0.04470756,0.029249843,0.0045150393,0.0043722307,0.030822385,0.049820885,0.04572646,0.0015434091,0.001990136,0.0045266314,0.007283235,0.018825086
0.002598326,0.0037224048,0.008117715,0.0015856632,0.0016344651,0.042188577,0.0,0.0047592404,0.0033413854,0.012157938,0.0,0.05564963,0.013243095,0.0030371128,0.004968982,0.015056037,0.0,0.048882674,0.006264925,0.0590917,0.01568993,0.0,0.0041805604,0.041592643,0.06895365,0.044759754,0.0045678774,0.004088404,0.0070315166,0.0115282675,0.02757637
0.0029337273,0.0025752776,0.007122715,0.0063435067,0.0027890299,0.060344227,0.010573992,0.0079908185,0.01072142,0.018571394,0.007366091,0.09425491,0.022731509,0.009567644,0.0042521837,0.028539263,0.024801174,0.0532043,0.015945923,0.06332888,0.016040089,0.006286937,0.0051826704,0.059759445,0.106612846,0.059631255,0.0031702647,0.0060307365,0.0068049547,0.0078013823,0.048669804
0.00247356,0.0017549384,0.0031139336,0.006955115,0.0032259338,0.044342287,0.0065992107,0.008256822,0.006498666,0.0051182243,0.00492204,0.042844974,0.010622751,0.0098575195,0.0036950947,0.022267915,0.026781151,0.06918935,0.007054511,0.03816342,0.017375957,0.011808559,0.0046003787,0.06481452,0.06354673,0.032560762,0.0011260129,0.00497091,0.007172383,0.012616465,0.023891507
0.0015434424,0.0012796214,0.0019593937,0.008160287,0.0016927702,0.020932488,0.0020254157,0.0032092226,0.0020478542,0.0013404236,0.0027542002,0.02417516,0.008134382,0.007041686,0.0011179494,0.0068429173,0.013503878,0.028431825,0.0037928633,0.012620661,0.0044249864,0.0027115773,0.001868858,0.018597735,0.02420394,0.0,0.001217221,0.00299569,0.0029124657,0.0,0.0098576555
0.002694581,0.0013426689,0.0027563912,0.016015772,0.0032736366,0.045744266,0.008247471,0.008156741,0.008344801,0.0028292895,0.0044598514,0.06136936,0.013053949,0.010233291,0.0018652997,0.018324105,0.042371552,0.05333551,0.0054104547,0.045747664,0.015338662,0.004350952,0.0044051856,0.048650797,0.06214742,0.01386012,0.002449658,0.005543504,0.018004902,0.012958455,0.03350083
0.0028643757,0.003859078,0.0046495525,0.024121167,0.002572549,0.058754396,0.0067510842,0.0058377828,0.007768686,0.0041460115,0.005346541,0.06692969,0.018268434,0.0071497285,0.0049825823,0.02618381,0.04484184,0.06657209,0.004627948,0.043966055,0.022673843,0.0077643604,0.0035279882,0.06260602,0.091873355,0.045494907,0.0062759966,0.0065714,0.006709587,0.009422394,0.044318274
0.004188868,0.00294017,0.0047349473,0.0073474776,0.002730253,0.053287156,0.008496243,0.004848817,0.0050833346,0.0041258777,0.00477584,0.065220594,0.0248524,0.005339357,0.004752857,0.031322617,0.05367186,0.062604845,0.003395643,0.037989963,0.03522796,0.007947581,0.0037241231,0.055932518,0.09106752,0.057788234,0.005439801,0.005380402,0.006106995,0.005395631,0.030065902
0.0037957425,0.002744293,0.0044323807,0.008666869,0.0026396683,0.048270594,0.0058306637,0.004324082,0.008495939,0.0051320866,0.0046810317,0.0663147,0.030877331,0.0040664235,0.004799197,0.034350853,0.061822906,0.05793469,0.004661121,0.03852441,0.02757299,0.003919355,0.0043500965,0.07734057,0.101948105,0.057761148,0.0043901075,0.007418336,0.0061107073,0.007895985,0.042608142
0.0035524857,0.0014079433,0.0037146863,0.00863319,0.0030117296,0.04930337,0.009489512,0.0057092016,0.009360912,0.003715955,0.0064500696,0.061841764,0.018080195,0.0038480544,0.005054179,0.03156864,0.054486293,0.043339748,0.003787549,0.038564596,0.042772103,0.002629922,0.0042819534,0.097691484,0.09312456,0.06791528,0.004652569,0.0048539746,0.008503497,0.0073352507,0.027387561
0.0028040933,0.0016811115,0.004686529,0.011800548,0.0022740604,0.055205036,0.005767586,0.005859692,0.007242587,0.004088246,0.004672416,0.07143702,0.02267365,0.0059340843,0.0032994535,0.022936443,0.051879328,0.049251426,0.0049393363,0.053533558,0.03591725,0.004165409,0.006159693,0.06738172,0.10394141,0.06388156,0.0038114812,0.0048844893,0.010856412,0.0060469536,0.02478539
0.0034570347,0.0018006301,0.0064092944,0.009977632,0.0013524544,0.055197977,0.004420875,0.0032648323,0.009301784,0.0022120706,0.006746621,0.07685502,0.014939074,0.0058520846,0.0049258284,0.023595039,0.05325014,0.07224117,0.0065656784,0.05394276,0.036081612,0.0041846978,0.008240235,0.09029425,0.10806511,0.059619714,0.0030349295,0.004846782,0.0062879785,0.008653963,0.031752232
0.0033239108,0.0010781942,0.003956132,0.01002329,0.002861918,0.062017195,0.0063710893,0.004177392,0.0061315005,0.003136619,0.005783016,0.07293552,0.019996595,0.0085109575,0.005489925,0.046442986,0.054891843,0.06383092,0.0047299694,0.05140127,0.033641715,0.0036096014,0.003968549,0.088604644,0.10173195,0.06163817,0.0032853559,0.008160659,0.008366603,0.00603808,0.035542272
0.0023440472,0.002357066,0.0040296693,0.006657416,0.0016718581,0.058696102,0.005303704,0.0042958558,0.008813,0.0030182523,0.0035657298,0.07385876,0.02146463,0.0047484674,0.0055921446,0.02912941,0.051681343,0.05011248,0.004503201,0.056324948,0.027120553,0.0037963544,0.0046595954,0.074271955,0.09792114,0.062037904,0.0029524344,0.006307051,0.0067158383,0.0045579327,0.028755127
0.002017614,0.0015052303,0.004221387,0.006176017,0.001868433,0.05824284,0.0035509372,0.0075194556,0.009998398,0.0044751903,0.005151337,0.08887618,0.013984964,0.0057663517,0.0059370147,0.029954795,0.04371075,0.05476685,0.004916036,0.06791597,0.036780987,0.0027855968,0.0047807707,0.057148032,0.09727267,0.060550112,0.0024961785,0.010489972,0.0034112073,0.0069219996,0.032887515
0.0022376673,0.0022155978,0.0021436252,0.0062688175,0.00218283,0.055808827,0.005683439,0.0042436873,0.0041815178,0.0031262857,0.0036211533,0.08651814,0.030894488,0.008282237,0.0042365566,0.03750123,0.047396254,0.06070914,0.004140133,0.06295894,0.02565701,0.0038274073,0.004767368,0.051236372,0.10713109,0.06717854,0.004865783,0.0042416095,0.0049261767,0.0039408784,0.03495818
0.0025357094,0.0029510634,0.0032515472,0.0037864784,0.0022709805,0.05133838,0.003115425,0.0026092452,0.0066056475,0.003250649,0.0053034816,0.082236655,0.025789645,0.007086359,0.00901281,0.03614123,0.049908478,0.064080216,0.0037312629,0.0668842,0.023021266,0.0047440566,0.00305726,0.051854827,0.10890201,0.09216772,0.0036754902,0.006353348,0.008583258,0.003395556,0.030351914
0.0030180118,0.0019044086,0.0029699635,0.005859694,0.0017828293,0.051194374,0.0033907348,0.00515388,0.0031350297,0.0021151227,0.005350054,0.07936517,0.014377424,0.008990153,0.003781225,0.048229627,0.042799324,0.063498735,0.0041645444,0.06488485,0.022978822,0.0038359147,0.0026719498,0.06618398,0.08480531,0.043716896,0.002231951,0.012409259,0.007223619,0.00591226,0.031437356
0.0031504987,0.002724723,0.002637559,0.0035375634,0.0028430154,0.04259619,0.003709309,0.0031898955,0.008179798,0.007178067,0.0067371833,0.089061,0.019989992,0.0060677277,0.0045527196,0.029795326,0.04138071,0.06510974,0.003846368,0.07985981,0.027591523,0.006674079,0.0026978573,0.05171258,0.09685016,0.016117295,0.004177027,0.008476639,0.0038197585,0.006455452,0.04301264
0.0022670487,0.0015061107,0.0023310424,0.0055440185,0.002938782,0.050673123,0.0041297297,0.002783504,0.0046689166,0.0024501916,0.0072552115,0.08947995,0.013219572,0.00599815,0.003203617,0.034310732,0.03707041,0.091422714,0.004867048,0.06852728,0.03578643,0.0035554469,0.0025914686,0.0691371,0.0967573,0.023582518,0.0021118133,0.0074270284,0.005720569,0.0055554598,0.03599166
0.0024460177,0.0020897677,0.0029418452,0.0042810407,0.0031103052,0.05260395,0.0054659885,0.004520502,0.0048395144,0.0037516598,0.0063418737,0.09958986,0.018244727,0.0069068642,0.0053613903,0.029031245,0.045609802,0.063531384,0.0046775867,0.09139313,0.024076683,0.004234192,0.00484773,0.08144892,0.11082119,0.018560903,0.0024502254,0.007732501,0.011020662,0.0055153808,0.031692788
0.002732933,0.0024505795,0.0024363727,0.0027901558,0.0029955837,0.04898946,0.005351144,0.003241098,0.007114142,0.0043958374,0.004727927,0.09377304,0.020035813,0.006698549,0.0053095752,0.038588516,0.04777137,0.07376487,0.0044710673,0.07057433,0.030421874,0.0040968857,0.0033256188,0.08790695,0.110637605,0.024184775,0.0028497195,0.01019425,0.007797379,0.004037924,0.04113371
0.0024830766,0.0047524516,0.002868103,0.0035652486,0.003171819,0.04819415,0.0049739545,0.004858183,0.004895499,0.0030134257,0.005375511,0.087471925,0.015136059,0.0045478456,0.0064126207,0.03298667,0.05019076,0.058863107,0.0033651865,0.07474691,0.030461337,0.007550118,0.005238231,0.08801082,0.099754624,0.017170794,0.002492031,0.007356749,0.006226451,0.0037655088,0.043277822
0.0034920962,0.00596352,0.0033328987,0.002796179,0.0023508286,0.052887376,0.0044567757,0.0052837357,0.0069187884,0.0036248039,0.0043272274,0.08502105,0.01533662,0.0066648186,0.0062250863,0.031781815,0.03602304,0.05815795,0.005165758,0.06644608,0.03442958,0.0021064891,0.005608385,0.08017834,0.11183941,0.027777126,0.0036853158,0.007842011,0.0073273885,0.005662451,0.02602257
0.0034163373,0.008348102,0.0030909008,0.010336314,0.0059887967,0.06611786,0.003247207,0.0048785354,0.0063079447,0.0052670315,0.008189055,0.079883106,0.012115183,0.007253477,0.0067094928,0.032744948,0.041767705,0.07213886,0.0039438675,0.06696595,0.028743548,0.0039223493,0.0049266727,0.09449335,0.10070771,0.016555363,0.003909891,0.008080799,0.0075182593,0.0062642233,0.026305703
0.0049023638,0.00620892,0.0044372235,0.010627602,0.002965193,0.07118731,0.004757147,0.0033225946,0.006381669,0.0050440873,0.0050125807,0.07115175,0.01505602,0.006652591,0.0054911147,0.032799162,0.046382908,0.050353564,0.0036531843,0.07466681,0.031381465,0.005098681,0.0054303994,0.10228976,0.0951935,0.010171183,0.002240248,0.005540535,0.0082224915,0.0065923957,0.028766742
0.0045382176,0.012730702,0.006822883,0.0079943575,0.0029954547,0.075301334,0.0051306714,0.0040058657,0.012605312,0.008215423,0.006756498,0.064305745,0.01450233,0.0058293333,0.0073383874,0.034558926,0.048105814,0.045046426,0.004978892,0.063650966,0.046543032,0.0037059272,0.0029831338,0.07880807,0.0773492,0.0071417326,0.004291082,0.00651418,0.008373392,0.0069006993,0.022860236
0.0055053295,0.012723804,0.0066776546,0.0083883125,0.0034734136,0.07101641,0.0030650815,0.0041295323,0.00805301,0.006108476,0.0062635383,0.066814944,0.011932425,0.0047406685,0.0050295447,0.03501437,0.053027887,0.06266389,0.005758077,0.062776476,0.034868814,0.0054130154,0.0061977976,0.07835424,0.098160565,0.009672964,0.0036136152,0.0045994096,0.0077444995,0.004651659,0.036933172
