,0,1
0,-15.005132,-55.087322
1,-13.336523,-51.68835
2,-13.41499,-54.42663
3,-16.799562,-50.45567
4,-13.350436,-50.728523
5,-15.601239,-47.937267
6,-15.589824,-51.74135
7,-15.517734,-53.431774
8,-13.553861,-49.255714
9,-18.568548,-55.28908
10,-14.301344,-53.169586
11,-13.409621,-52.748093
12,-12.590751,-51.142025
13,-20.307425,-52.277515
14,-14.593854,-53.65814
15,-14.502138,-53.66911
16,-15.618412,-53.447235
17,-12.082052,-53.036415
18,-18.40111,-50.35595
19,-12.20716,-50.937622
20,-19.387577,-55.740585
21,-13.701838,-47.837883
22,-16.026617,-48.80235
23,-14.530523,-49.757725
24,-11.796686,-52.68496
25,-14.002728,-47.235138
26,-11.255136,-54.51682
27,-13.241188,-51.01599
28,-18.228395,-52.072987
29,-12.969093,-53.24907
30,-15.878432,-52.879337
31,-17.455297,-48.413322
32,-13.169241,-54.470837
33,-13.46371,-51.084557
34,-13.4675255,-50.92528
35,-11.010269,-49.481422
36,-11.74869,-51.66504
37,-13.607183,-50.59687
38,-14.176365,-54.283043
39,-13.652868,-56.173748
40,-15.36068,-53.411636
41,-14.843738,-49.22272
42,-17.726368,-50.163204
43,-15.474961,-52.19327
44,-17.222641,-53.036095
45,-16.31755,-51.45511
46,-12.337242,-51.99963
47,-15.096983,-49.723087
48,-12.27161,-49.737186
49,-10.176334,-22.93572
50,-15.628585,-50.28702
51,-17.54553,-51.32512
52,-15.211348,-51.391045
53,-15.719625,-49.188385
54,-12.290902,-52.03975
55,-14.398589,-49.401546
56,-15.491636,-51.074203
57,-12.117939,-53.015316
58,-12.30611,-56.086727
59,-14.930465,-56.313744
60,-12.056741,-52.14968
61,-13.498857,-52.112995
62,-17.147732,-53.24144
63,-13.354853,-49.136326
64,-15.445658,-47.40273
65,-14.657216,-50.979954
66,-16.407127,-52.2699
67,-13.973519,-52.224663
68,-10.90575,-51.869514
69,-15.248005,-48.720116
70,-12.410961,-56.08594
71,-14.960541,-49.36007
72,-15.97184,-45.91497
73,-11.4011755,-51.032047
74,-13.410615,-53.241558
75,-20.61147,-52.042675
76,-17.739042,-51.04129
77,-16.535442,-50.169827
78,-16.646559,-49.168137
79,-11.921535,-50.791866
80,-17.310804,-52.3949
81,-15.221585,-51.789783
82,-20.582935,-52.06773
83,-13.276811,-48.86393
84,-12.760788,-47.76563
85,-10.314228,-50.057762
86,-17.67083,-57.32016
87,-11.12411,-53.670937
88,-13.312855,-50.20147
89,-14.300917,-51.970604
90,-17.851234,-50.25335
91,-11.190403,-49.957462
92,-42.9274,42.908264
93,-42.12746,43.1342
94,-44.984886,41.06918
95,-41.929207,42.6157
96,-44.725613,44.112743
97,-43.548504,41.44208
98,-47.758003,43.7952
99,-46.21892,42.808247
100,-46.110374,41.736977
101,-45.558784,41.282692
102,-47.698307,41.690968
103,-44.94923,40.64364
104,-42.21485,42.677006
105,-43.902756,45.038406
106,-42.597244,43.318977
107,-44.13735,44.093143
108,-44.840813,38.98219
109,-43.897026,40.166973
110,-45.02627,43.940247
111,-39.025093,41.86784
112,-43.04095,44.297054
113,-45.060493,43.804897
114,-44.480923,43.838097
115,-42.74621,46.800526
116,-45.70295,43.92767
117,-41.92854,38.79729
118,-45.327236,42.524895
119,-41.030033,40.454903
120,-42.271866,46.718956
121,-44.866764,39.24088
122,-42.41933,44.314663
123,-41.590374,44.96768
124,-44.40614,45.429714
125,-46.477,42.797375
126,-43.649437,41.22011
127,-38.935837,41.979153
128,-42.276634,45.540222
129,-39.733746,40.504528
130,-41.036686,41.83987
131,-43.00911,42.679504
132,-41.035946,46.517532
133,-45.189873,41.663734
134,-42.922993,42.499397
135,-45.91866,40.121437
136,-43.77653,40.319904
137,-43.462654,40.11356
138,-43.356686,39.534504
139,-44.56724,41.44836
140,-44.223625,42.27354
141,-43.99178,43.87667
142,-41.23705,45.322395
143,-45.342785,43.26255
144,-42.70341,40.856693
145,-38.975456,42.022316
146,-42.469738,41.848648
147,-47.54479,41.51037
148,-44.46507,41.790165
149,-39.956707,42.59235
150,-42.164223,40.561214
151,-45.000137,48.091232
152,-40.924107,43.22784
153,-39.567505,39.89702
154,-42.0378,41.901752
155,-44.625374,41.892376
156,-45.71016,40.844433
157,-42.629677,40.73565
158,-43.37749,44.75634
159,-41.709377,44.75368
160,-44.31281,42.60973
161,-41.883442,42.845512
162,-44.273342,44.41244
163,-41.79036,41.850777
164,-45.11554,44.369926
165,-43.534687,42.63429
166,-43.63179,41.830406
167,-44.15978,43.20508
168,-45.53563,48.565086
169,-41.8766,44.645237
170,-41.490505,43.37906
171,-43.470295,45.73847
172,-43.399654,46.140488
173,-40.441833,44.556927
174,30.692692,-52.213615
175,24.88053,-48.791225
176,24.837795,-51.07165
177,31.081617,-54.057705
178,30.813606,-51.771603
179,24.439035,-50.71076
180,29.599873,-50.607304
181,24.97605,-48.560722
182,26.907272,-49.72404
183,28.87911,-51.745346
184,28.99387,-52.670753
185,25.334951,-51.103523
186,31.238678,-54.163544
187,30.63431,-53.7136
188,30.7353,-53.287952
189,28.273993,-51.257587
190,29.127012,-52.184784
191,26.756018,-50.984776
192,26.26083,-50.651176
193,25.4486,-47.365906
194,29.864798,-52.32175
195,28.949745,-51.628105
196,30.784094,-52.8165
197,25.732819,-48.90832
198,30.252926,-49.636337
199,27.202166,-49.102654
200,29.229078,-49.989773
201,25.506716,-51.960793
202,28.207355,-49.642002
203,29.93139,-51.094967
204,24.052588,-48.731647
205,23.481256,-51.15467
206,28.121754,-49.717037
207,27.9448,-51.973545
208,28.273205,-48.91834
209,25.833223,-49.443466
210,30.017952,-51.738266
211,29.161486,-51.799667
212,26.266533,-49.35187
213,29.541737,-48.265488
214,30.143238,-52.587
215,23.909876,-48.46703
216,29.625444,-50.568
217,27.642492,-51.649567
218,30.556328,-53.04171
219,30.212263,-53.863464
220,23.974472,-52.00438
221,32.357964,-50.82836
222,29.159391,-50.631817
223,27.2017,-49.01301
224,28.966173,-47.994804
225,31.557722,-52.0808
226,23.327328,-53.34109
227,28.11743,-49.151592
228,21.44984,-51.97038
229,32.668858,-52.19675
230,29.13639,-48.049805
231,30.284727,-55.249805
232,32.39552,-50.70123
233,31.083937,-49.81238
234,33.15444,-52.06615
235,22.386967,-52.376263
236,27.36275,-50.489986
237,22.338676,-52.48201
238,25.776394,-50.469406
239,29.44818,-53.061478
240,27.9611,-49.931347
241,23.466648,-52.85881
242,22.703667,-52.651875
243,23.343206,-52.979465
244,22.735851,-53.437683
245,31.112232,-50.812065
246,-6.2130427,5.401216
247,-12.577083,6.6983657
248,-9.85267,7.8400984
249,-9.980145,4.002606
250,-13.385686,8.520303
251,-8.828983,3.489177
252,-7.66243,7.2180605
253,-4.583949,4.356941
254,-10.22731,9.091757
255,-11.8987055,8.357364
256,-11.876586,9.150649
257,-9.540678,2.421772
258,-4.3974667,-2.2129183
259,-9.904377,7.220504
260,-8.725086,4.262186
261,-7.2494206,3.085814
262,-11.929044,10.0379305
263,-13.0212755,10.480294
264,-4.7154245,5.6912613
265,-9.958165,9.479775
266,-4.2584853,5.197767
267,-11.07159,8.326213
268,-7.8959618,3.4647026
269,-10.056056,7.3985496
270,-9.831054,3.729641
271,-9.150688,4.5301886
272,-11.90193,8.967754
273,-11.469905,7.830098
274,-5.552847,5.586224
275,-8.14611,10.261512
276,-7.917727,3.5292783
277,-9.324322,2.2957091
278,-6.113352,7.5159783
279,-8.297089,11.022903
280,-15.34424,5.813685
281,-10.737295,7.586141
282,-10.773844,2.2285478
283,-11.018621,4.28028
284,-9.224267,7.6165147
285,-10.959754,5.2957687
286,-5.122651,5.7761407
287,-10.974626,2.0030112
288,-7.4906144,3.4270456
289,-9.444079,9.664761
290,-5.6175704,5.267528
291,-8.6597595,2.8928044
292,-12.633956,8.622632
293,-11.629118,8.818062
294,1.2957721,-7.0479484
295,-5.7297173,3.8598368
296,-22.963749,-13.552736
297,-14.755232,7.6981845
298,-4.50586,3.8923001
299,-15.315817,5.6549745
300,-10.506925,9.1287365
301,-8.795033,6.641385
302,-11.277511,6.350578
303,-8.125262,10.091036
304,-13.434388,2.7255428
305,-12.9939,6.732007
306,-12.31147,6.6365113
307,-11.214517,11.740473
308,-5.0186696,6.0185556
309,-8.763927,7.450289
310,-13.737453,10.64364
311,-4.868606,7.090379
312,-4.8718133,7.061514
313,-10.655693,8.414657
314,-10.698535,5.5701156
315,-11.678855,8.63421
316,-11.305519,6.1785865
317,-12.967518,8.338527
318,-9.317782,9.640864
319,-8.423676,8.31126
320,-4.535004,4.1882753
321,-13.990275,8.44535
322,-1.738504,5.432572
323,-11.323126,7.9592595
324,-5.8681107,6.2395535
325,-9.176234,4.59619
326,-12.045648,7.1936893
327,-8.555576,11.082138
328,51.60265,19.55722
329,53.454338,16.071106
330,52.173958,19.040905
331,53.2381,18.989258
332,50.820587,18.614182
333,53.68412,16.526993
334,52.388626,18.258303
335,51.913982,17.85047
336,52.047874,19.749636
337,50.725,15.699407
338,50.9482,20.44393
339,50.15117,16.986116
340,53.173347,19.707682
341,40.44374,-14.485463
342,54.10863,18.460304
343,53.685673,19.238901
344,51.765194,17.840675
345,51.681942,19.543245
346,52.36854,17.543032
347,49.390656,16.828833
348,49.090904,14.053533
349,50.273075,19.126104
350,50.693146,15.75498
351,53.96375,20.197859
352,48.513935,16.858206
353,52.738873,19.688107
354,51.716038,18.405777
355,51.83297,16.956135
356,52.532753,18.902945
357,52.613205,20.545252
358,53.00137,19.68249
359,50.02055,11.887802
360,55.0969,19.163008
361,53.254234,18.470652
362,52.0205,19.225956
363,52.608032,18.961327
364,11.137119,57.662178
365,11.315864,57.70718
366,16.826014,63.591408
367,15.631991,59.09904
368,16.4008,62.836586
369,15.1789465,59.224632
370,14.78346,61.475327
371,11.301154,60.67621
372,6.701695,61.69927
373,12.595121,58.658375
374,15.134328,60.685017
375,10.290614,57.47546
376,14.276597,58.031727
377,16.902685,61.352245
378,13.34415,62.248306
379,12.210015,59.840355
380,16.657558,58.038097
381,14.64027,60.189716
382,14.250493,60.657864
383,9.881313,63.057465
384,13.085129,61.392933
385,12.496286,55.361084
386,11.547109,60.192394
387,15.720577,66.99201
388,12.58654,58.650745
389,14.156663,60.675938
390,16.177456,58.587032
391,11.120265,64.29437
392,14.8208475,59.094303
393,12.134516,60.21214
394,11.308966,59.645287
395,11.536862,62.860386
396,11.333944,59.605118
397,12.570045,58.48975
398,14.26016,59.94498
399,8.459188,38.967686
400,12.3097725,61.012955
401,12.48911,54.911125
402,14.601512,62.230927
403,14.93431,63.13707
404,16.958258,64.243965
405,9.902971,61.717567
406,17.757734,63.0346
407,8.943382,58.46608
408,14.057046,59.657764
409,15.786308,57.67923
410,16.798946,59.81907
411,10.444786,59.623375
412,9.613942,60.644127
413,17.044752,59.046646
414,18.860893,62.064785
415,16.69337,61.42036
416,11.709909,62.022923
417,10.306371,60.16611
418,11.3309145,59.08076
419,10.272265,59.003006
420,13.42981,59.81197
421,10.920849,61.35072
422,16.440832,59.92358
423,8.171268,56.09032
424,10.614345,63.028725
425,10.313886,61.328552
426,13.081979,60.53567
427,11.113478,63.071667
428,14.323385,62.272915
429,18.435806,62.181988
430,8.226409,62.52081
431,12.892163,62.722336
432,12.689774,59.10794
433,12.565444,57.282417
434,17.61749,63.380524
435,16.339935,61.01152
436,4.553635,55.025356
437,16.184324,62.26869
438,15.599567,59.029144
439,16.544077,59.61126
440,14.511683,57.419113
441,17.934034,60.455845
442,13.0648575,58.820354
443,9.650641,62.018337
444,10.926426,62.788708
445,13.119504,60.117767
446,14.897848,61.1166
447,14.243302,59.594612
448,14.353292,65.06482
449,9.023152,58.34339
450,11.232532,63.18638
451,18.5282,62.17204
452,12.504847,61.594616
453,11.169737,62.844624
454,10.437329,64.28595
455,11.413977,62.09229
456,13.830925,57.669746
457,13.639807,59.476852
458,-48.79394,-34.468586
459,-41.169937,-35.474434
460,-37.17553,-37.789074
461,-42.39041,-37.01258
462,-39.702824,-34.222458
463,-41.970787,-32.556168
464,-42.900154,-31.10818
465,-48.833733,-34.420776
466,-38.9223,-33.459446
467,-44.826836,-34.51757
468,-41.172585,-36.671856
469,-40.999767,-34.6729
470,-37.902885,-37.04617
471,-44.65333,-35.10321
472,-43.61661,-32.96456
473,-46.353443,-31.845602
474,-39.950886,-34.510395
475,-44.18346,-34.257298
476,-47.497803,-33.948532
477,-42.683395,-34.255234
478,-41.388725,-39.32625
479,-40.504616,-37.15201
480,-9.376389,-17.11924
481,-44.1848,-34.25733
482,-40.964764,-33.881275
483,-37.868553,-28.605368
484,-40.223606,-29.531536
485,-44.735825,-34.85731
486,-39.69058,-32.61873
487,-39.681187,-38.119205
488,-40.455566,-35.109783
489,-44.381596,-33.881584
490,-38.854523,-36.890484
491,-43.13117,-36.302647
492,-44.938328,-33.281887
493,-42.617012,-37.03582
494,-43.814903,-35.35218
495,-40.554268,-35.96366
496,-43.046146,-39.074764
497,-42.171864,-36.324436
498,-39.40106,-36.207703
499,-46.657288,-35.66358
500,-46.312717,-33.08827
501,-41.824284,-34.90123
502,-42.834084,-31.33469
503,-48.755833,-32.985683
504,-42.46856,-35.14892
505,-43.358532,-34.852768
506,-43.96134,-35.785675
507,-46.262714,-32.936523
508,-38.072773,-34.976707
509,-44.744633,-34.70939
510,-37.146137,-37.82379
511,-38.916714,-35.64653
512,-37.17929,-37.828423
513,-41.29691,-39.02267
514,-41.490753,-35.404083
515,-7.1493697,-5.1932282
516,-43.288376,-39.905434
517,-39.672474,-36.843903
518,-40.6657,-33.23976
519,-42.886402,-35.06784
520,-42.061596,-34.049046
521,-41.581764,-33.742188
522,-43.17641,-33.92782
523,-41.971107,-34.481377
524,-41.331856,-34.68255
525,-41.316864,-37.086117
526,-44.166157,-35.807735
527,-44.44507,-39.566048
528,-39.719776,-32.587994
529,-48.003643,-40.12957
530,-42.500175,-38.073208
531,-41.523605,-34.941906
532,-41.08592,-35.52928
533,-40.37332,-35.130196
534,-44.68754,-30.650879
535,-40.14488,-35.628777
536,-2.0786185,-12.454009
537,-42.850838,-37.81669
538,-41.068092,-38.69796
539,-44.120438,-32.660885
540,-44.41513,-36.57282
541,-47.451374,-33.925312
542,-42.209835,-34.587334
543,-40.56865,-36.30854
544,-44.292915,-30.227428
545,-41.00518,-34.693016
546,-39.59818,-35.341206
547,-41.483124,-32.072556
548,-43.800686,-37.370094
549,-36.904408,-20.374886
550,-34.7813,-17.645004
551,-33.576378,-15.935333
552,-35.024403,-19.255064
553,-33.00811,-17.886843
554,-34.686493,-16.654776
555,-36.685314,-14.018681
556,-35.84769,-16.7935
557,-34.701923,-19.298016
558,-36.549747,-23.670006
559,-34.217495,-21.323433
560,-34.74724,-19.336271
561,-34.21449,-15.581506
562,-31.997736,-17.038134
563,-33.969097,-17.168358
564,-35.97583,-20.776836
565,-33.046024,-17.482723
566,-33.08175,-17.314709
567,-33.9466,-22.006306
568,-36.323784,-21.314869
569,-35.919205,-14.895755
570,-33.191532,-17.710447
571,-34.290043,-17.37623
572,-35.492584,-16.984371
573,-34.06846,-17.827356
574,-36.15131,-19.994413
575,-38.200905,-19.504658
576,-38.32392,-19.603031
577,-0.1882068,-13.325244
578,-47.99762,40.540775
579,-16.111637,-45.401913
580,-33.64082,-18.157135
581,-32.267506,-16.21412
582,-37.90222,-16.66333
583,-29.983896,-14.722973
584,-36.23956,-21.646036
585,-35.947002,-22.366331
586,17.113754,1.2389796
587,3.0115607,18.34914
588,-26.846664,-18.886204
589,-36.103622,-17.6478
590,-37.57608,-20.745743
591,-33.246902,-22.415377
592,-35.169106,-16.226452
593,-34.390663,-23.042131
594,-33.577568,-16.542587
595,-37.84526,-16.393856
596,-37.15807,-22.306414
597,-36.411133,-15.622351
598,-34.313736,-15.52507
599,-32.237385,-16.26978
600,-33.68372,-16.275028
601,-4.2733693,-12.2291355
602,-34.863956,-20.966383
603,-38.03051,-21.13316
604,-31.710419,-12.813658
605,-33.91601,-21.899565
606,-31.0524,-18.495209
607,-35.762604,-18.577948
608,-35.341785,-15.9256315
609,-4.049966,-10.36419
610,23.264011,-3.6568363
611,-38.053677,-28.278692
612,-33.335777,-14.0596895
613,-28.197552,-16.37726
614,-28.560562,-20.530552
615,-30.726223,-17.510113
616,-30.296677,-20.356726
617,-29.114296,-21.244534
618,-29.658981,-17.69532
619,-36.373535,-18.665524
620,-33.1631,-19.413754
621,-36.40516,-20.645832
622,-36.84759,-17.001507
623,-35.61531,-18.53601
624,-34.0062,-21.102009
625,-27.729832,-19.971651
626,-29.81856,-19.598473
627,-29.053274,-20.419764
628,-44.136883,-29.59074
629,-37.37084,-15.531867
630,-32.93117,-17.605785
631,-37.887863,-19.171953
632,-38.63599,-17.164986
633,-33.82874,-18.69536
634,-29.0546,-19.496548
635,-35.659374,-21.749214
636,-30.112202,-14.834643
637,-17.017282,3.3627355
638,-34.229248,-16.881802
639,-34.13365,-17.67852
640,-31.351639,-21.870464
641,-37.73924,-16.978527
642,-33.855682,-21.605299
643,-33.24175,-20.458416
644,3.345093,-7.2629285
645,-35.934036,-18.432823
646,-29.308994,8.506755
647,-41.461323,14.739379
648,-44.548965,9.011698
649,-41.19188,14.921345
650,-44.532093,9.012041
651,-32.829758,8.455521
652,-38.391678,12.996745
653,-38.087082,14.69305
654,-37.181847,10.518267
655,-48.231785,11.462512
656,-38.419266,13.009387
657,-37.203785,10.471803
658,-31.844435,9.953803
659,-32.852425,8.615776
660,-31.84615,9.953813
661,-41.94297,12.769909
662,-44.53765,9.00112
663,-35.86277,8.675494
664,-41.189766,14.921211
665,-32.75011,12.021518
666,-48.52864,11.971824
667,-38.999874,14.833375
668,-37.188766,10.489616
669,-28.008753,14.096044
670,-40.49606,13.872427
671,-29.340406,8.5405655
672,-37.94186,14.591319
673,-39.834618,12.034684
674,-43.026436,16.2549
675,-31.844316,9.953996
676,-32.56782,11.847726
677,-27.191761,13.593552
678,-44.45715,14.391322
679,-39.83708,12.035438
680,-33.426178,12.088352
681,-43.22633,14.926453
682,-42.024036,12.923152
683,-32.532074,12.1474085
684,-48.04916,11.449606
685,-41.093052,10.50422
686,-48.232224,11.462606
687,-31.844353,9.953869
688,-40.566666,10.407865
689,-36.71151,12.318569
690,-28.313404,13.578891
691,-32.5641,10.985619
692,-36.907124,13.674369
693,-22.122301,15.844052
694,-33.715652,11.15698
695,-40.28467,14.196689
696,-36.514217,11.626236
697,-48.662018,10.851216
698,-43.782833,9.537353
699,-32.20918,11.681963
700,-29.373508,14.808077
701,-40.56666,10.407866
702,19.534204,7.371982
703,-42.4884,13.459797
704,-36.330704,13.089408
705,-46.59247,11.02476
706,-28.850424,14.235481
707,-44.45721,14.391389
708,-42.48414,10.119092
709,-39.328663,14.651296
710,9.212055,-25.650024
711,-38.7336,6.8641887
712,-43.01898,16.246904
713,-40.128952,12.616823
714,-40.566772,10.407866
715,-35.86284,8.675494
716,-40.364544,16.873537
717,-39.834328,12.034664
718,-22.11113,15.868119
719,-28.162804,14.429021
720,-52.81464,-5.1955457
721,-36.821075,13.904992
722,-40.5672,10.407865
723,-28.2495,13.603641
724,-44.870808,10.974786
725,-46.592773,11.024978
726,-37.943737,14.591281
727,-38.849606,13.173511
728,-39.554726,14.652222
729,-53.82002,16.498161
730,-16.162416,-15.308864
731,-41.57227,10.442846
732,-38.7342,6.8635764
733,-33.57071,12.2634735
734,-43.560585,14.545743
735,-27.999727,15.236588
736,-32.99529,9.142328
737,-38.241673,13.053753
738,-40.309635,9.960413
739,-42.030544,12.935303
740,-35.049786,12.022667
741,-38.36172,11.872177
742,-39.359623,14.841218
743,-24.095066,-0.20477112
744,-28.50522,2.7708225
745,-31.435402,9.421846
746,-25.361053,3.264513
747,-26.63309,-3.6469479
748,-26.335915,0.9696373
749,-21.379969,4.7290826
750,-28.54021,4.728785
751,-26.383488,-0.6924174
752,-23.51249,5.9706483
753,-22.864172,0.13755967
754,-27.834198,-0.8380461
755,-23.208008,1.5738946
756,-24.439571,2.2742429
757,-25.154789,4.3680573
758,-28.34498,1.525244
759,-23.971968,-7.835525
760,-23.435215,-7.717522
761,-18.654999,-0.39383292
762,-26.24737,2.5880013
763,-22.0336,0.94419354
764,-27.316555,1.3617666
765,-23.149254,-7.6079035
766,-24.878735,3.2299948
767,-26.632936,-3.6469495
768,-22.631508,-3.0341651
769,-25.746872,0.3334503
770,-29.22493,-0.44944665
771,-21.419416,4.697612
772,3.8710284,7.4851146
773,-22.443615,-7.101611
774,-26.550997,3.2693758
775,-23.168165,1.575782
776,-25.94505,-0.872796
777,-27.261951,4.0011663
778,-29.451221,3.883634
779,-23.324766,6.051981
780,-21.23077,4.691824
781,-21.893862,1.5660644
782,-26.942966,1.4869505
783,10.830127,-29.10948
784,-23.21595,-2.7336116
785,-26.708363,5.297911
786,-22.561035,-3.0967207
787,-25.232815,-0.21439207
788,-25.397095,0.03664911
789,-9.10808,16.614544
790,-27.199738,2.2264342
791,-25.006626,1.2453512
792,-26.264257,1.7957803
793,-23.889086,3.76719
794,-27.772335,2.4254127
795,-22.902615,-0.3882396
796,-25.97981,-0.85852104
797,-28.753258,-2.0914893
798,-24.373226,5.9004073
799,-24.444,2.2701516
800,-28.600632,1.98431
801,-26.211008,2.0789988
802,-23.706556,3.5803244
803,2.7082875,4.9603853
804,-20.393883,-3.4824386
805,-28.6852,4.7492776
806,-25.176954,4.7076154
807,-27.359102,3.4128525
808,-22.748047,4.175156
809,-24.833227,5.9351797
810,-22.618439,4.4735537
811,-23.876163,2.3242292
812,-23.459642,-7.7750254
813,-25.75309,2.1213102
814,-26.63333,-3.646948
815,-25.442595,1.1691872
816,-26.294476,4.3529887
817,-26.874292,3.561304
818,-10.721141,-1.783213
819,-27.540524,0.4617408
820,-22.474773,4.470343
821,-29.067984,-1.667212
822,-27.757969,2.5469782
823,-29.451227,3.8836343
824,42.357914,-26.732868
825,42.737385,-21.835196
826,41.755936,-24.309906
827,40.623795,-25.127127
828,40.593147,-25.905352
829,42.7996,-29.079182
830,41.38595,-28.118755
831,41.506493,-25.195662
832,40.214508,-27.705622
833,35.7807,-27.2098
834,45.56976,-25.307997
835,36.291775,-27.3263
836,41.547802,-25.77385
837,42.85054,-23.788157
838,36.056522,-27.19418
839,42.22399,-26.203382
840,39.802956,-27.291521
841,39.903584,-30.777374
842,41.44256,-23.755192
843,41.18886,-26.783476
844,47.763283,-24.244272
845,43.59663,-25.812496
846,38.422256,-27.514921
847,44.730736,-23.734129
848,42.390778,-27.898205
849,37.192455,-26.154121
850,39.98587,-26.300016
851,42.23765,-26.709496
852,47.27307,-23.716911
853,5.222569,-6.7714667
854,42.632214,-25.71274
855,6.5743456,-8.715502
856,38.724648,-23.642452
857,42.5841,-21.903545
858,41.8497,-29.164307
859,40.728394,-27.85665
860,40.078537,-26.485449
861,39.97364,-30.23609
862,40.816483,-24.208338
863,41.092182,-28.36273
864,43.48854,-27.130838
865,39.594425,-28.183712
866,39.771397,-25.104609
867,36.81115,-26.27648
868,38.403034,-25.517805
869,41.9823,-31.125006
870,44.24369,-22.970873
871,41.89308,-27.898897
872,43.901386,-32.152157
873,41.515965,-22.429893
874,38.7926,-25.524397
875,40.341293,-29.102602
876,39.05438,-28.434774
877,42.15712,-26.278984
878,39.392048,-24.496325
879,43.532707,-21.393534
880,40.37844,-24.742058
881,41.943024,-28.261133
882,38.980396,-23.441954
883,41.895313,-23.297638
884,43.1214,-27.05329
885,42.910706,-26.174433
886,41.63174,-26.176283
887,39.559113,-29.29089
888,37.44442,-29.617548
889,40.350613,-29.008232
890,47.268673,-23.71963
891,39.456646,-21.775476
892,41.796494,-29.567947
893,41.012054,-30.02864
894,40.30951,-26.50351
895,41.301186,-26.236233
896,43.62594,-24.391525
897,41.78867,-28.476528
898,43.117268,-25.042328
899,39.657795,-23.883482
900,35.882927,-27.20876
901,47.741493,-24.211775
902,44.731426,-23.734184
903,43.44036,-25.608793
904,38.99754,-30.637743
905,40.510487,-26.462795
906,40.0142,-27.875751
907,41.356735,-27.429262
908,38.868317,-28.919834
909,43.13165,-21.636215
910,41.594254,-27.168383
911,38.278557,-28.473465
912,44.196144,-31.83384
913,42.277775,-21.586983
914,40.079338,-28.946247
915,38.816288,-27.023575
916,41.19604,-32.052128
917,40.67857,-22.738253
918,39.222942,-26.53382
919,41.88349,-24.672354
920,43.00623,-31.531605
921,38.99136,-27.46566
922,41.19966,-25.771986
923,-19.374578,50.385944
924,-20.078543,50.776405
925,-21.97448,51.203518
926,-20.332533,51.042213
927,-19.56492,53.28852
928,-20.895977,50.786575
929,-17.068544,50.61182
930,-19.236816,49.88355
931,-22.228434,51.92117
932,-17.996016,53.285812
933,-21.482323,53.11459
934,-20.516308,51.29296
935,-22.696941,53.32611
936,-20.692533,48.01234
937,-19.837553,50.399155
938,-22.36333,52.558327
939,-21.28606,53.151226
940,-17.270077,51.99465
941,-20.607378,50.985542
942,-17.119787,53.363262
943,-18.6828,54.344933
944,-15.3602495,53.978725
945,-23.035076,53.321606
946,-19.229992,51.259514
947,-20.340479,48.95191
948,-16.98519,53.17233
949,-16.018715,50.431747
950,-21.753504,53.140697
951,-20.551853,49.644966
952,-24.304525,53.896496
953,-19.993797,54.394867
954,-17.564686,50.611824
955,2.395338,0.36818594
956,-16.321953,52.121166
957,-22.573664,52.151463
958,-20.681955,53.07616
959,-20.07349,51.637726
960,-16.34696,56.534885
961,-16.315191,54.364513
962,-20.989738,50.88449
963,-18.28131,53.070812
964,-18.825048,51.64935
965,-19.404797,48.522457
966,-20.395603,51.664204
967,7.251418,-56.31532
968,-21.87284,49.152905
969,-15.886114,51.86963
970,-18.281927,55.492775
971,-21.050577,49.31568
972,-18.658188,51.3047
973,-19.723047,51.018436
974,-19.352167,48.41848
975,-19.173704,53.856396
976,-18.932299,52.984062
977,-19.991196,53.252495
978,-16.961618,48.18031
979,-18.280956,55.494312
980,-16.318655,56.336864
981,-18.472021,46.741
982,-22.912579,56.17109
983,-20.398743,58.681973
984,-21.909513,50.25898
985,-15.846907,49.83549
986,6.622363,59.733326
987,-18.297613,48.62337
988,-24.513603,54.13187
989,-16.762175,53.237843
990,-20.771255,50.627644
991,-22.86896,49.29851
992,-18.196262,57.740852
993,-23.710215,50.553246
994,-17.453724,49.73482
995,-19.451777,49.132233
996,-23.968493,52.187557
997,-18.390602,52.68994
998,-18.044853,48.266697
999,-19.612001,51.82737
1000,-20.46102,50.073914
1001,-22.817122,49.301773
1002,-23.269285,52.694477
1003,-22.92837,51.259716
1004,-14.709539,52.57076
1005,-15.063007,54.61369
1006,-18.372896,49.697884
1007,-18.280973,55.49357
1008,-19.676798,52.214947
1009,-18.309536,51.056404
1010,-22.540516,52.29741
1011,-15.402184,53.99252
1012,-17.98338,51.215897
1013,-21.64308,47.359425
1014,-19.594597,47.95296
1015,-16.054132,52.766045
1016,-16.037603,50.1578
1017,-17.740963,51.852814
1018,-20.626036,52.01207
1019,-20.873556,48.343075
1020,-18.300474,51.91619
1021,-18.095922,57.74505
1022,-17.60588,54.979248
1023,-55.29871,21.889702
1024,-54.57689,14.1831
1025,-52.1028,14.55707
1026,-54.975353,20.980892
1027,-58.229507,19.516146
1028,-55.707108,16.412422
1029,-52.02795,14.573456
1030,-49.44066,20.048904
1031,-52.95697,19.32736
1032,-53.387817,14.784139
1033,-51.29493,13.307646
1034,-55.294533,13.444947
1035,-56.30049,22.24485
1036,-51.16229,10.682886
1037,-50.08417,21.250238
1038,-49.091724,20.862097
1039,-57.595932,15.039801
1040,-45.771057,8.290804
1041,-57.75404,13.536163
1042,-55.451454,21.87747
1043,-55.294605,13.44503
1044,-55.425583,19.21164
1045,-53.57536,12.776274
1046,-52.538563,19.76421
1047,-56.912857,18.553799
1048,-51.727245,13.033952
1049,-51.353134,16.070173
1050,-55.256985,21.815454
1051,-53.60173,12.836678
1052,-53.57587,12.776396
1053,-55.35811,16.84104
1054,-53.02746,21.789017
1055,-55.29394,13.445977
1056,-48.47782,21.976658
1057,-56.72946,21.32525
1058,-55.293938,13.445142
1059,-56.927925,20.112484
1060,-56.49722,19.430716
1061,-51.234947,10.666398
1062,-52.338474,11.650292
1063,-55.65363,16.540358
1064,-53.833714,19.980295
1065,-54.902676,19.345375
1066,-56.30292,21.294807
1067,-55.1135,18.95843
1068,-51.14243,16.028023
1069,-51.043663,20.329796
1070,-48.80509,21.746725
1071,-53.387245,14.783975
1072,-50.05058,21.138603
1073,-53.845207,14.315521
1074,-56.2417,22.162004
1075,-49.742393,20.557556
1076,-48.115593,21.326204
1077,-53.387234,14.784127
1078,-52.88337,15.460995
1079,-51.072243,20.392456
1080,-52.671673,19.947132
1081,-55.57685,20.606043
1082,-55.639637,16.47702
1083,-54.15967,19.148794
1084,-51.30746,17.795052
1085,-50.763184,18.277105
1086,-52.71808,20.25576
1087,-51.455853,16.18395
1088,-54.360752,20.345987
1089,-51.949287,16.948107
1090,-50.635376,17.83924
1091,-56.686802,20.105913
1092,-54.183537,20.088001
1093,-55.553616,19.737463
1094,-51.024208,18.047152
1095,-53.576363,12.776249
1096,-55.572624,19.56239
1097,-54.13182,14.371702
1098,-56.346535,22.24204
1099,-54.940155,15.959018
1100,-56.48296,15.302699
1101,-53.42236,21.17356
1102,-55.114407,21.846493
1103,-52.7034,17.284086
1104,-54.08554,17.54097
1105,-48.48175,21.9768
1106,-53.803627,18.914751
1107,-50.29391,18.121817
1108,-58.347343,19.461323
1109,-54.085052,17.541052
1110,-57.702885,20.236208
1111,-56.565998,18.689922
1112,-57.46689,14.878361
1113,-55.64017,16.476833
1114,-53.574512,19.886494
1115,-50.137497,22.75111
1116,-51.419117,13.452403
1117,-50.763203,18.277277
1118,-52.77852,17.680658
1119,-53.08905,21.246832
1120,-55.8205,19.896414
1121,-54.88646,19.642292
1122,-49.518463,22.354784
1123,-15.026465,-6.803062
1124,-13.833979,-3.212044
1125,-13.095782,-2.0393052
1126,-9.072811,-7.887492
1127,-16.576687,-3.4756777
1128,-13.018957,-7.3185844
1129,-15.036503,-7.337576
1130,-13.062385,-10.378449
1131,-13.987916,-5.498481
1132,-12.87885,-8.463596
1133,-12.504447,-6.8276143
1134,-10.975292,-2.4128246
1135,-12.772538,-3.7580428
1136,-9.379759,-7.8660493
1137,-12.76515,-6.961399
1138,-10.804584,-4.4950576
1139,-14.313403,-2.203519
1140,-18.285395,-3.127692
1141,-8.670073,-5.1440997
1142,-17.847713,-5.667987
1143,-14.163829,-6.7975836
1144,3.4809268,-12.01484
1145,-11.079941,-5.213849
1146,-12.6043215,-5.551211
1147,-19.296965,-0.821808
1148,4.014254,-11.768873
1149,-13.453608,-1.5352961
1150,-13.335429,-12.77794
1151,-11.270659,-8.237044
1152,-14.414891,-3.7829285
1153,-15.268145,-6.3925633
1154,-17.278822,-2.78891
1155,-10.675632,-5.9373107
1156,-7.280869,-5.2426043
1157,-10.498708,-9.104635
1158,-15.369872,-5.3862295
1159,-11.160832,-13.877119
1160,-11.564685,-6.0525937
1161,-12.807422,-0.2924231
1162,5.504898,-13.046492
1163,-13.830418,-5.252346
1164,-16.39731,-7.3971505
1165,-7.2419577,-12.86885
1166,-9.9505205,-8.069669
1167,-17.3919,-6.001192
1168,-15.582399,-3.7973537
1169,-12.76309,-3.9542155
1170,-11.486187,-7.0285144
1171,-10.238828,-6.191063
1172,-11.485286,-7.5324326
1173,-16.787598,-2.7629545
1174,-12.375485,-6.5804834
1175,-14.1066475,-4.2718425
1176,-14.853923,-11.729487
1177,-17.350567,-4.858781
1178,-17.69978,-11.034989
1179,-16.970299,-5.1290884
1180,-11.626023,-5.985366
1181,-37.325565,40.213116
1182,-13.77536,-4.99633
1183,-12.971099,-2.3233292
1184,-7.2541885,-12.861875
1185,-11.503948,-3.4136498
1186,-10.57199,-9.352997
1187,-14.692832,-6.453952
1188,-11.644446,-9.167095
1189,-16.561531,0.7715733
1190,-6.737368,-3.1464593
1191,-14.696892,-3.0875309
1192,-15.89344,-3.859715
1193,-11.128606,-9.041497
1194,-13.973486,-4.182805
1195,-10.864308,-4.98458
1196,-13.315696,-6.344559
1197,-12.400515,-5.571809
1198,-15.180917,-6.177944
1199,4.000438,-11.756394
1200,-17.704126,-11.04926
1201,-16.624493,-1.8505721
1202,-15.22946,-3.9060144
1203,-14.38715,-0.9505327
1204,-17.172773,-6.2694144
1205,-10.498318,-2.3906791
1206,-15.916191,-5.083767
1207,-14.240446,-8.6789055
1208,-14.296857,-2.4926724
1209,-9.627735,-4.9622602
1210,-15.376964,-5.325679
1211,-12.557424,-4.073857
1212,-10.6709585,-5.8321524
1213,-14.402965,-0.9425021
1214,-17.09971,-4.529218
1215,-6.6356387,-9.824682
1216,-10.88259,-7.391745
1217,-15.389764,-8.972369
1218,-13.9525,-8.826354
1219,-11.151773,-10.351428
1220,-8.264066,-3.0513256
1221,12.974694,38.32186
1222,10.722527,36.049335
1223,11.008297,39.234566
1224,11.469648,36.861027
1225,10.233231,33.11178
1226,12.520684,32.70172
1227,13.34599,32.80266
1228,18.0438,32.678047
1229,10.208165,33.129845
1230,13.66441,37.189087
1231,14.495628,36.841064
1232,13.886445,32.034954
1233,14.069384,37.76358
1234,16.221132,37.487087
1235,11.155699,36.67153
1236,19.37489,34.58917
1237,14.95487,30.08321
1238,15.780402,28.922314
1239,13.814027,33.26379
1240,13.730466,32.799614
1241,10.3832,37.278156
1242,14.484062,34.898727
1243,14.946744,36.254593
1244,13.633311,40.044697
1245,14.799754,32.132236
1246,16.151478,33.084946
1247,3.5577343,37.27492
1248,16.580294,37.500435
1249,18.13175,37.33316
1250,13.854561,32.158813
1251,19.395622,33.017883
1252,21.303036,33.38171
1253,15.202843,40.201965
1254,16.31057,33.19079
1255,18.37715,36.539703
1256,15.357204,37.992245
1257,20.932043,31.310944
1258,16.070677,35.801918
1259,14.3742485,37.328007
1260,19.426203,34.950478
1261,13.300806,35.51225
1262,12.176962,35.61728
1263,20.38591,37.548153
1264,19.1051,35.94975
1265,14.433511,37.704456
1266,14.647761,35.80632
1267,16.095219,35.14026
1268,15.165501,40.25752
1269,15.251345,35.335762
1270,18.932552,35.68824
1271,18.306711,33.32386
1272,9.931915,39.220066
1273,18.183332,32.796165
1274,17.573654,34.796215
1275,13.2653055,38.42876
1276,17.084362,36.755318
1277,15.891545,33.19395
1278,19.26014,35.92534
1279,19.882948,37.612156
1280,21.398407,36.491684
1281,20.183655,35.730137
1282,17.255854,36.973957
1283,17.381021,35.447174
1284,18.070295,33.168705
1285,16.73395,33.778393
1286,21.449883,36.476944
1287,18.664587,35.442303
1288,18.79717,33.760254
1289,11.175405,38.707436
1290,19.468933,36.105778
1291,11.714026,38.91307
1292,18.768587,35.33025
1293,12.396453,38.822395
1294,20.932035,31.31094
1295,11.219413,38.062855
1296,15.951923,36.43557
1297,12.423775,36.686184
1298,13.493668,32.79023
1299,15.875934,33.295067
1300,17.49914,36.287525
1301,15.819066,35.50272
1302,15.987316,37.044735
1303,13.919006,31.422361
1304,12.30452,32.218864
1305,16.024626,36.635128
1306,14.023884,30.350868
1307,14.884992,33.85671
1308,20.282389,35.256405
1309,15.036045,31.87018
1310,12.617545,32.492107
1311,20.090506,37.673443
1312,12.739247,33.638603
1313,11.208488,38.76516
1314,10.016029,33.352436
1315,15.894153,36.070873
1316,11.171053,38.65996
1317,20.875856,33.689476
1318,21.015375,38.029335
1319,19.852097,34.532192
1320,18.201654,37.27915
1321,-56.447998,-4.695506
1322,-57.524483,-7.859357
1323,-56.333622,1.0378927
1324,-56.33215,1.037754
1325,-54.926563,-6.014121
1326,-56.332,1.0379103
1327,-12.452605,0.94854456
1328,-59.437996,-2.1127508
1329,-54.992073,-2.769788
1330,-60.47262,-1.9522982
1331,-56.271935,-3.5346012
1332,-53.418346,-3.961446
1333,-57.3886,-2.484061
1334,-58.94717,-1.5503472
1335,-55.968346,-2.2792544
1336,-53.238907,-1.5378269
1337,-53.274414,-6.0668073
1338,-56.33343,1.0377539
1339,-59.105293,-3.4036145
1340,-51.79569,-2.539759
1341,-50.514942,-4.2312436
1342,-51.751198,-2.5974383
1343,-56.442284,-6.520871
1344,-56.542656,-6.2616887
1345,-57.552578,-5.2652397
1346,-56.399475,-3.5905309
1347,-54.36998,0.4155261
1348,-52.48602,-2.37411
1349,-54.078934,-5.4429975
1350,-53.049343,-1.2976357
1351,-54.759846,-1.1966357
1352,-53.682953,-5.7753305
1353,-54.46227,0.3056316
1354,-54.64553,-5.456229
1355,-55.457222,-7.1657476
1356,-50.525883,-4.252833
1357,-53.766685,-8.197053
1358,-51.95836,-8.211289
1359,-55.282,-3.5074375
1360,-54.772446,-1.8608118
1361,-54.57697,-6.893832
1362,-55.00548,-7.917034
1363,-56.52932,-4.8184104
1364,-58.386974,-3.648183
1365,-56.15915,-9.284529
1366,-53.853107,-5.7479057
1367,-50.27144,-3.806299
1368,-57.639538,-3.522132
1369,-55.260098,-8.36532
1370,-58.636322,-5.284571
1371,-56.86112,-1.2121441
1372,-54.487938,-7.924877
1373,-59.503555,-3.3773715
1374,-56.268143,-1.4975055
1375,-51.75304,-8.367408
1376,-57.730736,-4.7110558
1377,-62.364986,-2.8551054
1378,-57.825043,-4.0307117
1379,-51.131447,0.9165833
1380,-56.455128,-6.6222415
1381,-53.09389,-7.1857667
1382,-55.089066,-9.223082
1383,-57.539364,-5.494865
1384,-56.068478,1.4256215
1385,-7.2181883,-5.448126
1386,-45.686615,7.963361
1387,-56.817352,-5.3539968
1388,-58.01314,-5.0643897
1389,-57.726105,-7.842935
1390,-54.272778,-2.5960681
1391,-57.235813,-8.838992
1392,-53.91771,1.1780789
1393,-59.14296,-0.8933101
1394,-53.97471,-3.4234657
1395,-61.739407,-4.506874
1396,-55.094093,-4.6520267
1397,-57.562073,-0.8173277
1398,-58.145878,-2.9090412
1399,-56.166965,-7.8729787
1400,-55.351494,-5.2566094
1401,-62.266895,-5.6749005
1402,-56.76915,-2.2392511
1403,-13.0049095,1.8104618
1404,-55.760197,-5.5320187
1405,-62.234955,-3.005388
1406,-57.391083,-2.4841
1407,-50.263237,-3.828018
1408,-53.769283,-1.4601251
1409,-60.205868,-2.0709393
1410,-53.204338,-0.0041525094
1411,-53.749336,-1.4495853
1412,-53.98603,1.3279723
1413,-55.143337,-6.453865
1414,-55.220432,-8.755593
1415,-57.633568,-1.745132
1416,-55.15962,-5.602116
1417,-54.33567,-2.46657
1418,-55.27394,-5.5014343
1419,-51.0285,-1.7773645
1420,5.2239294,-59.20659
1421,4.0928884,-60.5559
1422,3.1196089,-58.017673
1423,4.5295334,-58.623722
1424,8.800811,-58.280956
1425,6.926988,-58.47109
1426,5.029315,-57.37707
1427,12.029864,-57.22084
1428,10.165586,-53.71488
1429,8.185439,-57.84153
1430,8.702104,-56.875263
1431,5.2982936,-58.170067
1432,3.0741212,-59.153484
1433,6.069229,-61.213085
1434,9.394465,-60.122402
1435,7.144254,-56.777847
1436,9.978985,-58.05004
1437,6.8647647,-59.878986
1438,11.42119,-62.023987
1439,9.9545555,-60.348515
1440,7.063859,-64.481285
1441,7.006645,-58.61099
1442,5.574612,-60.259087
1443,8.216531,-59.205128
1444,4.009717,-59.39655
1445,10.406163,-56.412556
1446,8.702128,-56.87532
1447,11.527504,-58.61733
1448,3.2240934,-58.908955
1449,10.914038,-61.365944
1450,6.0537405,-60.084347
1451,1.9526635,-58.817333
1452,7.937441,-55.829155
1453,4.3670783,-57.01536
1454,3.4252663,-54.788174
1455,9.396955,-54.767193
1456,2.4257607,-59.41501
1457,5.4153996,-59.403584
1458,4.974727,-56.502426
1459,6.593306,-54.509712
1460,5.637506,-56.313843
1461,10.983024,-61.896816
1462,6.3145213,-53.6094
1463,11.533708,-55.614567
1464,9.690221,-61.090126
1465,10.26591,-53.628525
1466,7.614063,-57.945778
1467,4.6745815,-62.432224
1468,8.696711,-60.59996
1469,8.323068,-58.989788
1470,4.37165,-55.83023
1471,7.8838687,-58.505535
1472,10.034895,-58.82865
1473,4.971537,-60.312225
1474,2.5833929,-59.4221
1475,7.9073725,-52.88479
1476,6.112869,-58.892128
1477,5.1796517,-56.587208
1478,7.418258,-54.73512
1479,7.1438317,-57.300995
1480,7.525377,-57.25457
1481,8.94414,-59.255825
1482,6.9257884,-60.14134
1483,4.9027553,-53.503796
1484,10.449586,-50.907223
1485,9.599503,-57.496143
1486,6.3637447,-57.858864
1487,8.170695,-51.940525
1488,4.598372,-53.581966
1489,7.553448,-53.24375
1490,9.954293,-60.348442
1491,4.62061,-53.51693
1492,11.265087,-59.67534
1493,4.900832,-56.920742
1494,5.37524,-59.614437
1495,4.341622,-55.904007
1496,4.674613,-62.43226
1497,4.909972,-53.471653
1498,8.952768,-58.738018
1499,10.448331,-63.440197
1500,2.5733898,-60.859135
1501,4.0545535,-57.596073
1502,10.935773,-58.273434
1503,7.120645,-58.902416
1504,3.282844,-56.476013
1505,4.5158935,-58.600655
1506,10.132209,-57.83953
1507,3.4276655,-54.66354
1508,6.170302,-57.446587
1509,4.7355437,-61.948112
1510,6.6824074,-54.637978
1511,10.419475,-57.120693
1512,11.671667,-57.848278
1513,7.5198483,-57.566563
1514,6.3623157,-60.00713
1515,3.9490352,-60.10989
1516,4.191021,-62.452038
1517,12.519496,-59.844696
1518,12.435854,-59.882465
1519,6.129615,-56.199657
1520,58.866676,-9.235568
1521,58.57701,-10.499272
1522,63.317387,-3.4307845
1523,60.30541,-4.556931
1524,2.3882518,-2.8074024
1525,63.747257,-10.306286
1526,60.543507,-6.360924
1527,63.372196,-3.256828
1528,60.027756,-6.7051845
1529,63.33944,-2.5279994
1530,61.4261,-5.1259046
1531,60.027615,-5.439238
1532,60.430603,-8.269628
1533,61.965878,-10.712803
1534,61.237038,-8.128342
1535,58.660748,-4.9883785
1536,59.304447,-10.216692
1537,61.895157,-5.846908
1538,63.287937,-8.2706
1539,59.95679,-6.1267323
1540,61.901253,-7.518522
1541,59.771744,-6.0797877
1542,59.880077,-9.682166
1543,61.867264,-6.5211825
1544,57.36784,-7.403309
1545,63.34164,-3.4898984
1546,62.08222,-12.884523
1547,58.999493,-6.278243
1548,64.72399,-4.4729424
1549,57.999893,-8.112624
1550,60.44983,-9.016261
1551,62.1954,-4.7609324
1552,60.683807,-9.785544
1553,62.657574,-4.1245975
1554,58.74416,-3.8751218
1555,59.659485,-6.0651536
1556,58.48389,-7.7835255
1557,60.58575,-7.143394
1558,59.36262,-2.8151622
1559,59.499985,-6.939504
1560,56.788948,-5.8148203
1561,59.972073,-5.865475
1562,62.546577,-8.358859
1563,63.01405,-10.118446
1564,60.761417,-4.51072
1565,57.589985,-3.0972595
1566,56.70047,-8.330456
1567,61.21462,-6.454642
1568,63.938656,-10.022753
1569,63.96477,-10.801575
1570,60.625675,-10.741865
1571,62.19838,-6.7507854
1572,60.62864,-2.688003
1573,58.201134,-10.041093
1574,59.331406,-5.591421
1575,59.529964,-8.380564
1576,65.50522,-10.086013
1577,62.062767,-12.50749
1578,60.37182,-3.2426116
1579,64.651054,-11.092572
1580,61.003662,-5.480751
1581,59.959545,-9.043542
1582,61.269768,-6.9515676
1583,61.658318,-11.3200445
1584,60.774067,-3.4450984
1585,61.444603,-8.372294
1586,58.917652,-7.7972946
1587,64.48624,-9.848284
1588,58.432156,-6.808806
1589,58.302612,-9.2291355
1590,59.36211,-11.969802
1591,60.812626,-5.75795
1592,59.36297,-11.969789
1593,61.417934,-2.8484159
1594,60.98352,-2.2876003
1595,60.97465,-2.32738
1596,62.865852,-8.841019
1597,53.5401,-6.963956
1598,61.45763,-4.962775
1599,57.76714,-2.0317552
1600,61.84169,-9.309149
1601,58.684616,-3.9271536
1602,57.08605,-9.507023
1603,61.734783,-7.3676467
1604,58.05135,-3.4550695
1605,53.535603,-6.9498158
1606,59.98775,-7.1942863
1607,60.796852,-9.485291
1608,56.96693,-7.123553
1609,60.96146,-6.2541537
1610,59.791374,-7.807577
1611,54.81332,-9.34978
1612,58.19993,-5.844202
1613,62.422215,-10.56629
1614,-5.119016,29.671724
1615,2.217869,24.46718
1616,22.64157,-0.029250985
1617,1.3557929,20.163336
1618,-1.011439,29.17228
1619,-0.2329819,30.1171
1620,-0.6145246,27.47495
1621,-0.81621397,25.17462
1622,4.0123215,28.176449
1623,1.0334944,25.907545
1624,-0.1850712,28.90958
1625,4.6621237,26.206068
1626,-3.3749757,24.374868
1627,-3.3956192,24.00287
1628,-0.21379852,23.270502
1629,5.532592,25.932034
1630,-2.974682,22.426811
1631,-3.821887,27.953335
1632,-1.325619,28.031826
1633,4.159605,28.300852
1634,-0.58922535,29.457495
1635,5.448492,25.948853
1636,-1.1647627,24.252445
1637,-2.202019,27.54491
1638,-0.14641955,28.829151
1639,-5.180047,29.116884
1640,4.033928,28.320234
1641,-1.2433711,25.977383
1642,-4.9937105,27.765915
1643,1.9343107,28.752419
1644,-3.9702852,23.776213
1645,1.4383907,24.410934
1646,2.105577,25.898142
1647,1.1443236,29.978384
1648,-2.254323,27.663862
1649,-3.9697948,26.884012
1650,1.4143022,24.411867
1651,0.16426948,28.797148
1652,-3.4076731,22.220175
1653,1.8201164,26.408218
1654,3.3510141,24.837524
1655,-5.1801376,29.1168
1656,-3.2629275,24.376211
1657,2.2533553,28.781319
1658,-51.29093,0.8250283
1659,-6.5219517,28.804308
1660,-0.22339368,28.805109
1661,-3.3565917,26.616568
1662,0.14334655,28.803701
1663,-5.8852825,24.363535
1664,2.4626582,23.611385
1665,4.6470046,26.20557
1666,1.7433479,26.540646
1667,-4.8226547,27.807743
1668,2.3127549,30.831903
1669,-0.44299507,24.431545
1670,2.1065822,27.597658
1671,-1.5889671,22.0145
1672,0.9822144,20.541723
1673,3.1152358,26.593458
1674,2.3127549,30.831894
1675,2.1910067,24.81552
1676,2.2584732,26.652267
1677,3.2483947,24.833467
1678,-0.38735387,24.52609
1679,-3.5421834,28.494907
1680,2.142677,24.182278
1681,4.31,8.578764
1682,-1.4931259,21.461292
1683,2.829142,26.39949
1684,-2.086186,21.73488
1685,-3.999254,26.861324
1686,-0.883569,21.393621
1687,1.956706,30.544132
1688,-2.2599347,25.990883
1689,-7.298005,25.91826
1690,2.8858724,-35.15878
1691,-3.3108876,24.742226
1692,-0.34857294,21.046867
1693,1.8920788,28.648975
1694,-0.8936398,19.373743
1695,-5.257175,27.495434
1696,0.68981856,26.468575
1697,1.3640777,22.519953
1698,-2.4127765,23.93779
1699,-0.26688033,26.070412
1700,0.7368122,25.97623
1701,-2.5524569,28.030687
1702,1.0380086,26.142057
1703,0.6421498,26.852669
1704,-0.33279198,23.382523
1705,-0.4662502,25.63552
1706,0.59438795,27.441332
1707,-1.7176757,20.242258
1708,1.1738018,28.13094
1709,-5.8852825,24.363543
1710,42.67985,32.918858
1711,43.614414,35.570396
1712,41.622948,34.95338
1713,41.62844,38.72503
1714,41.71005,39.330673
1715,45.628834,35.255737
1716,42.249805,43.28586
1717,40.851723,41.962666
1718,42.880234,35.07919
1719,9.005152,10.804081
1720,48.82747,36.571354
1721,42.04826,36.50289
1722,50.808582,20.469002
1723,46.57061,35.376835
1724,39.04441,36.98362
1725,42.973244,42.764164
1726,40.96531,41.776417
1727,46.048428,34.28736
1728,46.652557,37.11751
1729,43.124363,36.303677
1730,47.81956,39.553867
1731,46.842346,32.543304
1732,45.800907,36.094666
1733,41.00185,40.738094
1734,43.517086,35.556133
1735,41.12912,41.725418
1736,-13.25843,21.91626
1737,45.27117,37.117855
1738,48.1665,38.02178
1739,43.34075,34.247467
1740,38.21873,34.890305
1741,44.405052,42.86772
1742,43.961983,38.743427
1743,41.856323,36.489346
1744,47.428425,38.76448
1745,40.639263,30.699015
1746,43.10532,40.98818
1747,45.717945,36.22369
1748,40.969532,40.25986
1749,45.83934,34.546124
1750,44.120613,33.734787
1751,39.523914,36.93233
1752,4.2151065,-5.382156
1753,44.08428,36.370533
1754,50.576263,23.143574
1755,42.416927,42.603916
1756,41.903217,36.68558
1757,46.85107,32.55238
1758,47.145252,35.500824
1759,44.96648,34.271645
1760,45.156967,36.26724
1761,41.355335,34.699543
1762,42.874332,37.403458
1763,44.822407,36.09372
1764,40.97854,40.825687
1765,44.67551,35.77039
1766,47.21813,36.603573
1767,48.414047,34.25353
1768,42.019905,35.484943
1769,40.251106,34.17519
1770,8.755461,-6.725197
1771,45.663624,36.212433
1772,40.6873,34.6472
1773,44.366623,32.314495
1774,43.587643,37.097942
1775,39.9938,35.976402
1776,46.52238,35.955082
1777,43.16557,39.80426
1778,45.433098,35.845314
1779,40.63933,30.699
1780,48.72647,36.563877
1781,50.509514,23.30892
1782,43.672348,36.94894
1783,40.02284,36.228794
1784,41.75705,37.66872
1785,47.592754,35.827946
1786,44.305805,34.953423
1787,41.672226,36.568707
1788,47.32913,35.003284
1789,47.988766,35.50001
1790,50.213673,23.903887
1791,45.211792,35.51457
1792,41.16455,38.8066
1793,44.316772,35.226734
1794,44.310833,35.36461
1795,40.00267,42.15318
1796,47.217636,35.771603
1797,42.58873,39.24713
1798,41.21856,39.748177
1799,38.313526,34.945187
1800,41.938705,39.075905
1801,42.37005,42.322445
1802,43.735107,37.27602
1803,50.612007,23.089132
1804,39.065723,38.919308
1805,0.9563945,53.45086
1806,0.7634512,48.864914
1807,3.4918535,52.47166
1808,0.62812704,49.298153
1809,-4.3408628,51.9034
1810,-0.22790122,-0.54433006
1811,-3.7527623,-17.249147
1812,0.42595595,52.201607
1813,0.95464736,50.809963
1814,-3.7526922,-17.249239
1815,-1.306165,48.42974
1816,-3.6102746,-15.953161
1817,3.6870692,-4.5243664
1818,-2.7400727,48.415733
1819,3.0585074,51.291134
1820,2.4061568,50.474846
1821,1.8250413,50.206894
1822,-4.378454,52.077435
1823,-3.3588135,51.52693
1824,0.043039657,53.24451
1825,1.9801604,52.24426
1826,10.316219,-4.37623
1827,-0.61101526,50.37295
1828,-2.079881,52.55561
1829,-0.8958225,51.835163
1830,-3.602716,13.946267
1831,-3.6110857,-15.953017
1832,-1.8007356,49.64666
1833,4.623853,-3.9244232
1834,-3.5164504,-15.168685
1835,-0.4387175,49.53427
1836,-1.4570023,50.430035
1837,-2.8882034,49.93995
1838,-3.6090035,-15.953093
1839,-3.7529027,-17.249136
1840,4.919627,6.408618
1841,-1.303571,51.52071
1842,-3.6106663,-15.953203
1843,1.4260828,52.049557
1844,0.15448603,50.777863
1845,-3.752843,-17.249084
1846,-3.7526407,-17.249254
1847,0.30761072,50.647472
1848,-2.7110162,48.463387
1849,2.2063224,53.354767
1850,-1.4570009,50.43015
1851,-2.5152957,51.13804
1852,-3.6100938,-15.9531
1853,-0.14023006,51.473915
1854,-3.6113129,-15.953178
1855,-1.0196248,50.255238
1856,-0.80484563,48.958794
1857,-1.2453406,48.352478
1858,-2.3443792,52.348385
1859,-2.5479918,51.928238
1860,1.9027503,48.539043
1861,-1.158387,49.985397
1862,-3.2327332,53.789326
1863,-3.3729525,53.612232
1864,-1.3035707,51.520714
1865,-2.3908205,52.271862
1866,-3.218479,49.380486
1867,-0.9331154,53.120777
1868,2.777482,51.113705
1869,1.0019134,48.183853
1870,-2.2778563,14.7365885
1871,0.94976026,51.29385
1872,-2.794739,51.06712
1873,-2.0203846,50.446095
1874,-2.94524,50.78121
1875,-5.3881364,52.354324
1876,1.663226,54.200912
1877,2.7148023,51.2012
1878,11.332404,-30.29022
1879,2.3413095,50.125965
1880,-3.2366815,53.85113
1881,2.0854685,53.42178
1882,0.034180332,51.22488
1883,2.6816428,51.17798
1884,1.9242637,52.735455
1885,0.055411816,53.078945
1886,-1.2222503,47.9523
1887,-3.752632,-17.249208
1888,-4.1413627,50.269753
1889,1.1900723,47.044205
1890,1.5494996,48.45798
1891,9.499985,36.659676
1892,3.1146076,53.778286
1893,2.8458462,53.69085
1894,0.51443124,50.41837
1895,-1.646928,-23.381432
1896,-0.27472037,52.792076
1897,-31.206522,12.994027
1898,-16.7853,-22.244122
1899,-15.4270115,-23.041248
1900,-16.0232,-23.645386
1901,-14.495694,-25.505682
1902,-12.81716,-20.179478
1903,-16.755842,-26.101889
1904,-18.832169,-17.496548
1905,-13.03405,-20.575695
1906,-11.768363,-18.317595
1907,-16.752071,-22.15942
1908,-10.813238,-22.114704
1909,-11.852833,-21.734528
1910,-16.960701,-20.10026
1911,-14.541754,-23.593195
1912,-12.757343,-23.758993
1913,-14.131252,-19.277296
1914,-15.325173,-23.021858
1915,-14.929034,-16.689741
1916,-17.563618,-17.949427
1917,-15.560587,-20.936342
1918,-15.342093,-20.336412
1919,-12.266387,-22.022135
1920,-11.602262,-20.31504
1921,-12.770679,-18.818834
1922,-15.480394,-19.06801
1923,-13.104937,-24.428377
1924,-15.140241,-20.577463
1925,-16.491425,-22.590042
1926,-13.428456,-23.304195
1927,-17.752707,-20.730633
1928,-13.12431,-22.691565
1929,-15.876477,-17.021296
1930,-10.569613,-17.771198
1931,-18.003675,-17.679848
1932,-11.172345,-22.419378
1933,-14.585798,-26.035946
1934,-15.4254055,-18.756468
1935,-16.212862,-16.641989
1936,-13.182819,-16.09947
1937,-12.044605,-18.662283
1938,-13.131764,-25.84965
1939,-14.737607,-21.761051
1940,-13.823565,-21.15005
1941,-12.995197,-22.063179
1942,-12.443115,-20.857876
1943,-12.587788,-20.384956
1944,-19.83649,-20.829027
1945,-10.228941,-20.288433
1946,-19.364796,-17.414072
1947,-11.689017,-24.037813
1948,-14.7295,-25.32702
1949,-14.971117,-21.619635
1950,-13.494984,-16.587181
1951,-14.01861,-25.612047
1952,-14.6156845,-20.726482
1953,-13.343645,-17.492802
1954,-17.931746,-19.253681
1955,-13.743848,-19.197817
1956,-16.828405,-19.632559
1957,-15.968498,-21.075106
1958,-14.136267,-25.826597
1959,-11.7813425,-19.584726
1960,-15.572086,-18.158363
1961,-14.755971,-24.702837
1962,-12.176225,-17.942759
1963,-12.725395,-24.0226
1964,-13.0235405,-20.681387
1965,-0.4618302,-1.6401625
1966,-14.416847,-23.010221
1967,-17.862335,-15.749585
1968,-11.486191,-22.463882
1969,-15.124655,-16.473381
1970,-13.587129,-21.60644
1971,-16.496452,-19.172386
1972,-19.967098,-23.060467
1973,-13.851806,-22.075937
1974,-16.331013,-24.785627
1975,-14.555369,-26.925543
1976,-18.760494,-17.56247
1977,-13.92891,-18.904745
1978,-13.875567,-21.884487
1979,-14.875376,-20.095217
1980,-12.144986,-24.836746
1981,-14.775662,-26.193089
1982,-16.985485,-18.835526
1983,-9.419257,-19.647755
1984,-16.675333,-20.354918
1985,-24.026232,1.9307568
1986,-16.60184,-16.439068
1987,-12.1964035,-23.901913
1988,-11.8992195,-24.146006
1989,-17.075863,-18.047268
1990,-13.332081,-17.557426
1991,-16.915089,-24.770628
1992,-16.412184,-22.676947
1993,-11.231565,-22.473509
1994,-11.39658,-18.06696
1995,-10.755855,-20.486032
1996,-12.226466,-22.17098
1997,-14.579588,-22.89286
1998,27.172848,21.648102
1999,26.262224,19.049023
2000,26.550894,15.846564
2001,30.976034,19.884573
2002,26.86448,19.212687
2003,26.755894,18.04962
2004,28.664495,19.253014
2005,22.361963,23.330881
2006,24.251873,21.459242
2007,21.678034,20.564106
2008,25.368528,18.653301
2009,23.717026,15.489784
2010,25.52952,16.949175
2011,28.721159,18.769272
2012,24.446281,16.701624
2013,21.628502,20.557314
2014,24.338995,18.810457
2015,26.501068,15.666409
2016,23.521416,17.582912
2017,28.303238,15.450443
2018,25.529463,16.949179
2019,26.075209,15.64758
2020,23.962238,21.685041
2021,27.106691,25.716646
2022,28.18237,20.69086
2023,29.296385,19.287262
2024,27.04106,15.313812
2025,23.524368,17.587122
2026,29.719847,21.786543
2027,23.9889,15.640165
2028,28.153809,19.246939
2029,26.72478,22.779696
2030,27.67226,16.642427
2031,25.204727,22.51474
2032,26.856392,22.244343
2033,25.839535,14.71861
2034,10.968869,-25.471788
2035,28.535398,17.59547
2036,24.9587,21.137337
2037,26.376581,20.29478
2038,26.396544,22.89477
2039,25.258997,21.584888
2040,15.4796915,29.863354
2041,28.255545,23.14611
2042,27.940832,16.152958
2043,25.529728,16.949472
2044,29.841787,17.343197
2045,26.679651,22.053791
2046,29.947283,17.300566
2047,31.03992,19.606623
2048,29.52733,20.586315
2049,23.905544,17.126013
2050,26.995514,20.117237
2051,29.59264,21.42401
2052,31.22266,16.154383
2053,29.478905,19.258553
2054,27.032576,20.851738
2055,27.428541,17.721413
2056,29.737658,20.509184
2057,23.38184,19.455221
2058,28.12105,19.338472
2059,25.430302,18.584848
2060,25.459259,19.35548
2061,29.527277,20.586338
2062,28.52386,17.367294
2063,25.223555,24.300629
2064,25.82299,21.768774
2065,27.65469,16.62488
2066,25.383474,19.296532
2067,25.673689,20.383316
2068,30.080452,17.326618
2069,25.633629,21.724487
2070,27.455725,15.876551
2071,26.479633,22.020195
2072,27.644283,19.659603
2073,26.59136,17.23747
2074,28.383568,21.525871
2075,30.094927,20.197573
2076,23.206896,19.447231
2077,21.71839,17.825548
2078,27.031393,17.096964
2079,25.136799,24.684435
2080,24.867136,18.508633
2081,23.640827,20.010904
2082,23.963339,22.920593
2083,31.039423,19.885717
2084,25.833405,22.21851
2085,25.930824,18.713957
2086,24.8638,20.10117
2087,25.62979,15.552478
2088,23.961594,22.892
2089,27.259289,14.327763
2090,24.312162,19.949562
2091,26.2553,21.000727
2092,31.044481,18.917593
2093,28.444447,19.840424
2094,25.52444,21.357018
2095,29.04288,20.135933
2096,4.472219,-17.491089
2097,4.7405567,-16.505438
2098,14.220561,-9.588887
2099,4.2495556,-18.488705
2100,2.09369,-11.71881
2101,14.144885,-9.603638
2102,14.1304,-9.609211
2103,13.875527,-8.860704
2104,4.6177263,-17.775284
2105,13.824115,-8.814024
2106,4.061009,-18.53526
2107,5.2417445,-17.794449
2108,13.790455,-9.525722
2109,0.35320038,-11.56638
2110,10.447417,-5.803151
2111,55.81121,-4.1954913
2112,-8.1736965,20.291708
2113,5.8414474,-20.556873
2114,13.989297,-9.584562
2115,6.5635414,-19.232752
2116,13.595574,-9.494227
2117,5.4081416,-20.735687
2118,10.464849,-5.911193
2119,54.19745,-4.4071107
2120,6.48689,-21.757563
2121,6.0960865,-18.43993
2122,5.193675,-18.863333
2123,3.7473197,-16.216581
2124,7.3082047,-20.865482
2125,3.8795633,-26.708527
2126,8.736455,-12.873004
2127,2.065908,-15.994532
2128,7.9530177,-18.896004
2129,6.269913,-15.850816
2130,9.34933,-19.850193
2131,13.255363,-9.363657
2132,10.5418415,-13.233534
2133,8.426184,-9.851247
2134,4.983557,-9.691907
2135,-0.8523913,18.990685
2136,4.268313,19.861614
2137,9.306138,-6.913204
2138,13.803875,-8.828079
2139,10.301375,-4.805174
2140,13.471204,-19.272001
2141,18.416399,-20.147808
2142,4.7948375,-19.180605
2143,19.102116,-20.034018
2144,12.025651,-14.382966
2145,-9.765576,-25.22978
2146,9.159947,-16.442902
2147,-9.251631,1.3440447
2148,6.2805314,-14.018019
2149,7.7389975,-18.11705
2150,3.4887028,-18.901308
2151,7.567003,-13.753168
2152,6.063557,-16.564661
2153,8.34809,-16.401852
2154,6.139613,-17.31795
2155,6.407388,-17.779652
2156,5.00702,-17.439857
2157,8.441531,-9.87902
2158,12.6122265,-9.485666
2159,5.846844,-17.80064
2160,-7.063879,-31.2562
2161,5.4066863,-16.519068
2162,11.445999,-16.69075
2163,3.8779354,-9.915886
2164,5.5523734,-17.931784
2165,4.2991853,19.878557
2166,5.037447,-17.793127
2167,12.812956,-17.231009
2168,7.0395784,-13.835901
2169,2.8531861,22.103268
2170,37.6521,-24.629454
2171,9.207089,-14.153837
2172,8.9887495,-16.243284
2173,11.737343,-16.640663
2174,12.9315405,-20.38678
2175,7.0552826,-19.829157
2176,9.15002,-16.35641
2177,5.462731,-17.374651
2178,8.8519535,-12.494749
2179,9.07727,-21.620314
2180,2.0834293,-15.985765
2181,9.279232,-14.228653
2182,8.732755,-15.360615
2183,19.80346,-23.983133
2184,10.388435,-5.9700975
2185,5.208413,-20.645788
2186,6.4751377,-14.015128
2187,8.99921,-16.312721
2188,9.263808,-7.4291477
2189,11.237089,-6.362571
2190,17.900768,31.195272
2191,8.462271,-19.489101
2192,8.011963,-17.685736
2193,6.658397,-14.241523
2194,-15.299705,28.489721
2195,-21.00142,23.87362
2196,-11.984167,23.869177
2197,-15.882513,23.152187
2198,-21.840088,20.426786
2199,-13.106127,22.874672
2200,-3.540167,-1.7462847
2201,-17.791178,28.494486
2202,-21.655325,21.846401
2203,-14.12837,20.431812
2204,-17.73098,24.449652
2205,-17.552046,20.03488
2206,-17.563442,21.33468
2207,-19.554306,23.123283
2208,-16.364939,20.311493
2209,-14.691168,24.951153
2210,-17.37595,20.850792
2211,-27.911919,20.42346
2212,-16.850893,23.860199
2213,-14.982073,19.683466
2214,-16.091972,21.819384
2215,-19.423729,19.986084
2216,-14.629876,16.704329
2217,-15.49453,26.597498
2218,-18.49729,22.471437
2219,-20.678055,24.596802
2220,-20.531313,23.104391
2221,-20.223701,24.733627
2222,-15.061525,23.863884
2223,-6.5702305,-0.25359443
2224,-15.988028,22.48346
2225,-20.385418,24.401983
2226,-22.550964,19.783566
2227,-18.687096,24.092155
2228,-19.157711,22.745014
2229,-21.404081,9.467935
2230,-15.880326,22.70345
2231,-22.050829,26.293142
2232,-17.713093,23.116493
2233,-14.454711,21.689756
2234,-16.74482,19.636692
2235,-16.72977,25.531971
2236,-21.659695,23.140648
2237,-16.169634,21.973036
2238,-4.281691,-24.530533
2239,-19.618166,23.978155
2240,-3.0751853,19.821323
2241,-20.75149,25.156736
2242,-21.754057,22.793858
2243,-22.69096,23.368736
2244,-19.850925,24.89793
2245,-14.629367,16.704367
2246,-12.895158,26.215038
2247,-2.0026011,-0.47985882
2248,-22.749563,19.503315
2249,-12.030888,23.844269
2250,-16.205776,23.387377
2251,-14.556895,23.347769
2252,-19.445879,19.888193
2253,12.006845,27.19141
2254,-14.0476885,20.443167
2255,-16.51126,16.898182
2256,-19.026306,22.681204
2257,-20.091166,25.484615
2258,-21.76228,24.795841
2259,-22.267408,20.401865
2260,-20.465178,23.457022
2261,-17.677803,23.087988
2262,-22.932005,25.475613
2263,-19.501078,24.662405
2264,-16.910528,15.977294
2265,-4.0108595,0.6786111
2266,-21.587261,25.892744
2267,-22.300642,20.160463
2268,-14.85381,19.618563
2269,-18.633795,23.630438
2270,-13.652659,22.779732
2271,-16.808956,26.053032
2272,-19.528915,19.035341
2273,-19.46223,21.902746
2274,-6.623307,21.127699
2275,-13.6525,22.780502
2276,-17.243738,24.616266
2277,-16.24112,27.01232
2278,-7.2085085,21.672215
2279,-21.939072,22.714455
2280,-20.211208,25.471838
2281,-17.806425,24.565367
2282,-15.316864,28.473452
2283,-14.72598,24.849722
2284,9.972844,7.793818
2285,11.003227,9.102052
2286,-4.6830425,-21.314516
2287,13.212423,10.280244
2288,7.4830837,6.537275
2289,47.856133,13.479063
2290,3.0910027,4.85776
2291,11.104671,5.7300296
2292,11.639989,10.196985
2293,11.465509,11.555146
2294,8.895892,9.776444
2295,8.935549,7.695386
2296,12.163424,10.541693
2297,11.942726,10.5717745
2298,4.3883257,-30.21888
2299,4.041537,10.835245
2300,7.3084345,8.121392
2301,13.111135,12.603533
2302,9.507581,13.69958
2303,7.482932,8.188151
2304,10.228154,10.775156
2305,5.1667156,7.808229
2306,7.780336,8.348789
2307,7.6313806,9.679117
2308,2.392028,10.609132
2309,10.995429,13.398307
2310,9.203018,13.784568
2311,9.501392,14.456743
2312,7.2756853,11.573431
2313,11.289029,7.4670796
2314,11.391804,5.077849
2315,11.062059,5.7920847
2316,8.075645,7.8900423
2317,12.29605,12.140547
2318,10.340372,10.468091
2319,6.2101026,9.364043
2320,12.947215,10.3766985
2321,7.708532,8.747065
2322,8.090085,11.112081
2323,8.619672,6.9758024
2324,-1.7003939,10.63408
2325,10.894775,12.63501
2326,7.7997875,10.30445
2327,6.844316,7.9919047
2328,8.361001,8.644975
2329,12.68081,12.099494
2330,0.40647748,7.9820642
2331,13.163102,10.292335
2332,5.870428,-39.692253
2333,-1.6577749,10.61563
2334,-38.431675,-27.94484
2335,6.288082,8.112086
2336,11.513082,11.704653
2337,7.206311,7.448348
2338,5.1145697,7.883795
2339,0.87115365,12.46761
2340,11.226788,8.959455
2341,12.10101,10.550485
2342,7.661877,10.037563
2343,7.1913137,7.9875016
2344,9.524183,9.360823
2345,9.85658,7.7973084
2346,6.8611264,10.05268
2347,9.461774,9.457663
2348,4.916281,7.944367
2349,12.741667,12.653727
2350,1.294343,20.363613
2351,8.85927,6.715817
2352,11.6441765,8.369584
2353,6.429368,11.773055
2354,6.457896,14.51263
2355,8.859262,6.7157307
2356,11.6441765,8.369584
2357,6.4293337,11.773258
2358,6.457828,14.5128975
2359,30.210337,-10.67278
2360,25.70957,-13.113935
2361,30.223688,-12.257547
2362,8.214215,-51.69632
2363,28.81148,-10.770117
2364,30.291513,-13.428781
2365,23.243547,-15.062116
2366,28.275745,-11.206916
2367,24.639717,-11.581214
2368,25.535213,-10.676575
2369,22.476055,-11.034634
2370,25.61443,-14.82417
2371,28.521992,-13.295405
2372,29.251476,-12.214401
2373,31.383528,-13.807669
2374,22.517965,-11.055696
2375,39.845215,35.82884
2376,25.990467,-15.287396
2377,26.848871,-14.461957
2378,30.402893,-17.430767
2379,29.624043,-11.467442
2380,28.363169,-12.490638
2381,11.63016,30.790167
2382,26.77867,-17.813082
2383,19.843578,-15.515068
2384,19.88085,-15.7076
2385,25.877369,-14.4514065
2386,24.48677,-13.235873
2387,24.415207,-15.48391
2388,31.606672,15.275955
2389,-5.1211348,17.888647
2390,12.001142,3.0143301
2391,30.06741,-12.612159
2392,29.233183,-10.808624
2393,26.546587,-13.141822
2394,18.638187,-14.710535
2395,26.832293,-9.633581
2396,30.436178,-13.194837
2397,-20.084919,47.41318
2398,27.670277,-11.804172
2399,30.698486,-11.910505
2400,5.9168715,-6.448289
2401,29.219156,-12.204491
2402,28.269112,-12.392168
2403,2.7943683,15.814384
2404,28.658852,-17.47597
2405,24.974686,-19.1164
2406,4.2896533,5.1698666
2407,27.628365,-12.596151
2408,35.62699,-19.76901
2409,20.018244,-20.151426
2410,26.834108,-12.945513
2411,29.488739,-11.014042
2412,25.559465,-16.573475
2413,19.330343,-15.103996
2414,27.58463,-12.105521
2415,3.1115768,3.5572336
2416,2.7689445,15.507669
2417,19.262777,-20.046625
2418,1.8616557,14.228351
2419,29.12054,-12.722677
2420,29.267662,-23.174501
2421,29.684822,-23.353743
2422,16.147274,-10.891081
2423,0.40616316,7.98085
2424,26.962955,-12.482775
2425,15.729039,-10.6146145
2426,1.7984966,14.908089
2427,2.321019,10.683435
2428,29.417902,-23.235014
2429,27.943264,-15.376807
2430,24.237211,-13.952274
2431,29.887016,-8.608881
2432,1.909495,14.230552
2433,3.0457263,4.3856416
2434,29.077377,-12.233217
2435,3.087763,14.449789
2436,29.366295,-23.219948
2437,4.6356645,22.160433
2438,6.768624,12.05422
2439,28.314621,-11.307804
2440,25.603287,-10.536399
2441,-13.374784,19.959904
2442,-5.6026073,-2.2210124
2443,29.559301,-23.270947
2444,23.5572,-11.526384
2445,27.1443,-15.443461
2446,24.146505,-13.153399
2447,22.737154,-13.196421
2448,39.170036,-19.269499
2449,30.164667,-11.858835
2450,25.859291,-14.524735
2451,27.36607,-8.052483
2452,28.781958,-11.5253525
2453,27.23418,-11.384057
2454,-5.2221923,17.864367
2455,25.948568,-12.9860525
2456,25.909233,-15.893309
2457,-1.4657646,6.2804155
2458,26.242928,-12.16166
2459,25.172054,0.07298435
2460,23.147238,2.162434
2461,25.204304,1.9498022
2462,22.73859,3.7436876
2463,21.778414,2.9322336
2464,24.078573,-0.39678213
2465,22.32478,2.4758132
2466,23.582083,-2.6340528
2467,25.437918,2.3695266
2468,20.474028,2.5714853
2469,27.317457,0.22357154
2470,20.359997,-2.614017
2471,17.784567,4.5510554
2472,23.50789,-2.922584
2473,-0.8522564,1.6328317
2474,23.209814,5.55548
2475,19.272007,-1.5351099
2476,25.620474,3.647609
2477,26.780832,-1.3356034
2478,23.91366,1.9053215
2479,19.22015,-1.689667
2480,26.072342,0.8945459
2481,18.321022,0.18086007
2482,-16.912195,18.228731
2483,24.518417,7.3772984
2484,25.055029,-4.792824
2485,24.334696,4.4262867
2486,24.401709,0.6255487
2487,25.11893,3.012565
2488,24.997692,1.487976
2489,21.258848,-1.3148222
2490,19.615147,4.9121113
2491,23.28831,5.02374
2492,21.0118,-1.3836946
2493,23.428438,0.19645196
2494,23.975155,3.6606703
2495,23.501194,2.5373514
2496,20.904175,6.035917
2497,28.284985,4.556555
2498,21.851177,7.3812933
2499,25.00233,2.3053887
2500,20.871248,2.3943777
2501,22.864851,-0.51606435
2502,26.197351,4.6242394
2503,23.844616,3.7913463
2504,28.557846,4.08684
2505,21.638065,1.9935839
2506,24.566797,7.4462256
2507,18.758936,-3.7837358
2508,29.68467,6.2113633
2509,21.5997,1.265286
2510,22.037836,-1.9176067
2511,23.690664,2.25636
2512,25.393112,-1.6355066
2513,27.053932,0.23418778
2514,18.146158,-0.064517535
2515,25.251217,4.906522
2516,23.844849,-2.479564
2517,23.449886,5.2490244
2518,19.120066,1.2155652
2519,24.637104,1.082174
2520,20.565815,2.308155
2521,29.695107,6.2368555
2522,22.95998,-3.0609963
2523,20.151604,2.1524162
2524,19.551981,1.6479584
2525,16.596893,0.2805095
2526,21.059538,0.17450258
2527,19.479004,3.188978
2528,25.915876,4.147545
2529,21.481606,0.9942148
2530,25.853199,6.0689054
2531,24.569836,5.6009073
2532,16.950945,4.529269
2533,17.740416,4.5407763
2534,25.438747,-1.6119723
2535,21.542768,4.414434
2536,24.765087,4.483612
2537,19.563238,4.8483095
2538,17.614466,2.1818814
2539,19.047556,-1.9748864
2540,25.376263,-1.1020162
2541,23.638803,2.8931277
2542,24.764202,1.4008495
2543,22.827599,5.0915155
2544,24.582787,7.3716125
2545,22.325077,6.472487
2546,22.914454,0.83744353
2547,19.108154,1.2216024
2548,20.99101,3.6055653
2549,21.465357,7.922974
2550,27.423374,3.9611573
2551,16.578688,0.30696428
2552,21.474594,0.86140287
2553,22.907843,1.9471503
2554,20.186651,-2.644114
2555,24.87411,2.6196318
2556,22.373777,-2.6657424
2557,20.594381,-0.76812583
2558,1.6447369,-33.735046
2559,-4.463022,-32.402603
2560,-0.40920094,-30.049583
2561,-0.70645803,-32.202354
2562,-3.72996,-32.65111
2563,-2.2361944,-26.980742
2564,-7.3886843,-29.475391
2565,-4.36,-32.301823
2566,4.160942,-30.401999
2567,1.4446871,-36.46138
2568,-0.79562163,-32.79454
2569,1.8420496,-35.796066
2570,1.4193798,-36.543644
2571,0.138931,-25.702444
2572,1.3876098,-36.431644
2573,1.6596496,-33.20861
2574,-5.1154213,-35.64597
2575,-3.2492487,-32.26672
2576,-2.631031,-33.063354
2577,10.230832,-27.833557
2578,-0.79760545,-32.224094
2579,-4.7712145,-34.456707
2580,0.727208,-32.1682
2581,-1.563049,-32.5097
2582,0.10984181,-25.706343
2583,0.9713937,-32.671143
2584,-2.190649,-27.446365
2585,-1.0775837,-31.15457
2586,-0.59278643,-32.13907
2587,-0.6065524,-28.499731
2588,-5.697022,-27.61208
2589,3.3459764,-31.54221
2590,-4.125527,-29.143217
2591,0.25438008,-29.879984
2592,3.4451416,-31.027151
2593,0.91695416,-32.6137
2594,-4.983498,-28.93106
2595,-2.6072347,-29.666624
2596,-1.9305519,-32.06703
2597,-2.4625862,-31.908468
2598,0.31194273,-30.95319
2599,-7.0202794,-29.87914
2600,2.953136,-32.176006
2601,-1.8306638,-31.105082
2602,3.826324,-31.864079
2603,-4.73082,-31.05818
2604,-2.1642148,-27.215717
2605,-0.49710777,-29.960913
2606,-2.8341827,-31.927734
2607,-0.31597796,-34.188095
2608,1.7914565,-28.9539
2609,-5.018882,-30.507383
2610,0.23075278,-30.98208
2611,0.6515196,-28.88441
2612,-6.939792,-32.974503
2613,0.1919448,-31.754454
2614,2.3697226,-34.904907
2615,1.2559516,-35.2012
2616,-6.89908,-32.12571
2617,0.9222694,-32.98347
2618,-1.4695897,-32.96825
2619,-0.67547673,-32.33348
2620,-1.5218812,-33.68145
2621,1.3653086,-31.680157
2622,0.7475792,-40.011093
2623,3.7551622,-31.850637
2624,1.7832229,-27.22871
2625,-4.4407396,-29.319584
2626,-2.8327105,-30.751476
2627,0.74436873,-40.0469
2628,1.5937549,-33.236
2629,-1.7983263,-29.144913
2630,-2.766428,-28.495258
2631,0.7420517,-32.13519
2632,-3.530098,-32.402
2633,-37.62429,-34.225975
2634,2.1246126,-33.05987
2635,1.3388377,-30.290216
2636,-2.5128546,-28.695982
2637,-3.3097599,-30.590643
2638,-3.5328023,-32.931206
2639,2.4212515,-30.341917
2640,-2.0323622,-32.01642
2641,-6.8823814,-32.122856
2642,-1.2040442,-31.349918
2643,0.12890553,-31.052073
2644,-0.45920745,-34.629604
2645,-2.9454305,-33.79985
2646,-1.851569,-31.82145
2647,2.932359,-31.290592
2648,-6.4677596,-33.708485
2649,-3.6399155,-29.826546
2650,0.33544335,-33.540485
2651,-0.6469252,-29.375359
2652,1.7140464,-27.353476
2653,-1.6320025,-29.977123
2654,-3.4950333,-34.774216
2655,-3.8123584,-26.709717
2656,-3.5518284,-31.421337
2657,16.604017,-30.242544
2658,16.677166,-29.060135
2659,20.104647,-25.930876
2660,19.965357,-26.562706
2661,18.014505,-29.001253
2662,14.034232,-27.368351
2663,18.3248,-30.32284
2664,16.969296,-29.562975
2665,12.838021,-30.364199
2666,18.443087,-31.274952
2667,15.1187105,-27.828886
2668,16.917604,-26.333986
2669,23.078608,-15.080347
2670,20.25531,-31.093555
2671,19.123587,-27.10944
2672,16.79587,-28.041431
2673,16.34492,-27.098259
2674,18.723093,-25.64637
2675,15.77109,-29.107037
2676,20.303581,-26.623854
2677,17.243208,-26.542349
2678,16.250668,-32.055912
2679,17.721546,-31.283365
2680,0.96416426,-2.769996
2681,15.275193,-28.729916
2682,8.435836,-31.111391
2683,16.517931,-25.004297
2684,17.213633,-30.65831
2685,14.005522,-24.823051
2686,16.960798,-24.123661
2687,19.897593,-6.6029377
2688,15.833928,-29.666653
2689,8.1058445,-31.230946
2690,19.818289,-27.881271
2691,19.403286,-26.087225
2692,19.459757,-26.103945
2693,15.068606,-30.713108
2694,13.162811,-17.15461
2695,17.86092,-31.498526
2696,15.456224,-21.004345
2697,20.92037,-29.153812
2698,18.323704,-30.331814
2699,18.854095,-29.226227
2700,17.514019,-30.974724
2701,15.88967,-33.332737
2702,14.783916,-24.572205
2703,19.84878,-32.08686
2704,11.823287,21.758986
2705,18.517733,-25.88536
2706,16.71639,-29.464203
2707,17.472527,-36.2187
2708,19.221493,-30.515299
2709,15.443184,-26.761759
2710,11.814925,-29.147364
2711,17.12591,-23.81988
2712,16.326218,-26.068045
2713,19.90336,-28.036047
2714,19.67341,-24.285814
2715,14.014545,-33.465645
2716,22.117952,-27.69535
2717,9.732117,-24.050848
2718,16.595173,-26.337011
2719,15.49997,-30.533035
2720,-13.273127,1.8019108
2721,22.141111,-27.729345
2722,16.047705,-32.157883
2723,17.546808,-33.530647
2724,17.48307,-36.199173
2725,13.3126335,-31.86623
2726,13.886805,-31.169075
2727,17.663631,-25.55289
2728,13.756733,-26.952566
2729,19.959387,-29.41562
2730,13.756725,-26.952606
2731,13.445392,-31.808681
2732,13.174705,-33.902966
2733,18.51774,-25.885324
2734,21.607277,-30.56546
2735,13.054768,-29.079966
2736,16.539429,-24.766413
2737,13.174666,-33.902866
2738,28.598206,13.01336
2739,13.850051,-24.216637
2740,16.894676,-31.485006
2741,4.388338,-1.7874448
2742,14.253877,-24.693737
2743,21.532356,-24.84145
2744,10.807201,-32.113876
2745,12.817806,-29.65336
2746,17.305317,-31.945194
2747,20.041006,-30.058548
2748,18.068928,-28.284086
2749,13.37174,-29.575672
2750,11.972202,-28.802523
2751,18.795494,-24.798357
2752,18.97781,-27.388027
2753,47.533985,7.9625635
2754,45.796867,8.113528
2755,43.55198,7.1810803
2756,44.325993,5.531704
2757,45.649273,1.140148
2758,45.37969,5.226657
2759,47.348785,8.837012
2760,44.037117,8.902594
2761,49.339348,2.1229215
2762,49.009815,9.445019
2763,46.10758,7.443932
2764,47.64968,4.369711
2765,7.9442563,-1.9274213
2766,48.200836,8.864301
2767,46.754986,8.66059
2768,6.068289,0.36406475
2769,6.0683045,0.36404574
2770,46.369507,7.7209196
2771,49.60837,13.208171
2772,48.545605,6.50372
2773,-49.112164,16.063324
2774,47.213676,8.475699
2775,46.884087,4.7171803
2776,41.21553,4.596378
2777,46.35689,6.1338043
2778,44.07451,3.6203191
2779,45.575066,9.268372
2780,49.089447,2.405955
2781,48.190266,9.601252
2782,43.35624,5.507351
2783,44.75681,5.219838
2784,47.329697,6.3393846
2785,47.35138,11.843128
2786,7.935914,-1.935846
2787,44.74926,5.4284897
2788,-19.970194,-14.792981
2789,45.492664,5.9191566
2790,48.534283,11.792808
2791,45.111732,6.83138
2792,46.443806,7.4270053
2793,49.372803,1.1999906
2794,45.66922,1.1463506
2795,47.292206,6.140212
2796,47.79442,4.4854283
2797,45.03338,8.17101
2798,45.96685,6.710046
2799,46.626015,4.7999835
2800,45.011475,7.0320616
2801,47.82809,10.50738
2802,47.84013,10.052959
2803,46.767902,6.674441
2804,45.26522,5.2614064
2805,47.829247,3.3891401
2806,45.285603,8.001334
2807,46.083317,7.554964
2808,47.627705,7.5866346
2809,46.96053,7.287333
2810,44.785072,4.0729423
2811,45.662678,1.1410096
2812,49.364227,1.2602893
2813,45.817066,3.3921564
2814,46.53365,6.7994905
2815,3.9035547,-1.9674567
2816,48.14228,3.1821067
2817,-18.387053,-56.21514
2818,-18.770144,-53.344578
2819,-19.6052,-54.15963
2820,-3.7122817,-6.9698725
2821,-18.51746,-54.151966
2822,10.399538,-32.629242
2823,-19.020592,-54.89836
2824,-18.560429,-54.381035
2825,-16.122648,-54.227413
2826,-15.546297,-54.455147
2827,-17.527449,-54.265007
2828,-17.184782,-55.466587
2829,-16.774591,-55.209167
2830,-19.047602,-56.354916
2831,-18.036266,-55.37983
2832,-18.119352,-55.753307
2833,-18.773062,-56.25363
2834,-16.431435,-55.719067
2835,-16.900244,-57.508423
2836,-15.614132,-56.252117
2837,-16.26157,-56.573315
2838,-16.874666,-56.16686
2839,-16.619678,-56.571934
2840,-17.251543,-56.634212
2841,-17.54814,-56.517174
2842,-17.517475,-56.220695
2843,-14.093884,-52.544254
2844,-14.599195,-52.740353
2845,-17.697365,-54.549545
2846,-45.73552,46.054787
2847,-46.312244,45.239346
2848,-47.686157,45.344334
2849,-40.925064,40.053326
2850,-46.069237,45.717926
2851,-45.13752,46.186123
2852,-44.89108,46.369667
2853,-46.45141,46.340076
2854,-45.574543,47.819283
2855,-47.688725,45.302624
2856,-47.14765,46.535076
2857,-47.152084,46.373505
2858,-45.820007,47.514236
2859,-46.920383,44.565525
2860,-46.74021,46.44413
2861,-44.977997,47.01808
2862,-46.166103,47.352695
2863,-45.761513,45.320065
2864,-46.70897,45.90913
2865,-44.420933,44.958187
2866,-45.758698,45.342815
2867,26.404789,-54.093807
2868,28.525291,-53.66261
2869,27.56888,-53.055874
2870,28.130625,-52.154797
2871,28.98126,-53.409084
2872,28.176102,-53.234367
2873,27.775618,-52.707996
2874,28.67668,-53.666073
2875,27.554413,-54.620533
2876,28.961212,-53.53091
2877,28.7785,-52.92897
2878,28.835312,-54.36378
2879,27.854488,-54.70118
2880,27.237532,-51.87328
2881,27.448166,-53.36762
2882,28.072582,-53.747135
2883,29.07968,-54.29647
2884,26.571772,-53.409843
2885,29.156,-53.967644
2886,29.595448,-54.482697
2887,28.408133,-52.55931
2888,30.027992,-54.080566
2889,28.943779,-55.7876
2890,28.58539,-54.926975
2891,24.710978,-47.691124
2892,12.816681,-30.438044
2893,-3.4584322,-8.600754
2894,-1.055315,-7.5850797
2895,-11.845778,9.752429
2896,-11.756239,9.884026
2897,-10.483641,12.104097
2898,-11.514969,12.096702
2899,-11.005644,11.824584
2900,-10.263959,11.208459
2901,-9.766866,6.0237937
2902,-10.080306,11.293193
2903,-11.125164,10.874765
2904,-11.068854,10.973221
2905,-10.910923,10.5476
2906,-11.016765,11.234039
2907,48.631607,12.746192
2908,54.035664,17.044657
2909,52.66413,18.321764
2910,53.10199,18.077398
2911,48.338306,12.429374
2912,54.939556,17.70334
2913,54.446873,17.984673
2914,53.341885,17.95719
2915,54.687134,17.739305
2916,53.8618,17.573185
2917,54.189987,17.226652
2918,54.26236,17.14024
2919,53.54746,17.677961
2920,54.23215,18.021864
2921,53.601,17.648497
2922,53.3981,18.018007
2923,14.208931,66.63269
2924,7.5487814,59.97229
2925,13.32859,65.68947
2926,15.429492,64.30441
2927,15.040109,63.89564
2928,13.34417,65.53751
2929,7.809076,59.995743
2930,13.189765,65.80457
2931,14.0689125,63.45205
2932,13.484331,63.863613
2933,15.455249,63.591587
2934,15.135036,65.813934
2935,15.49778,64.948395
2936,17.421623,65.18266
2937,15.780813,65.55711
2938,15.612752,64.894066
2939,15.646376,66.303925
2940,16.780521,65.0653
2941,16.045864,65.52915
2942,16.423355,65.024734
2943,15.522855,66.01284
2944,16.518534,64.80446
2945,13.355237,63.579777
2946,15.608887,64.060585
2947,2.7602415,-4.7076697
2948,15.748462,64.52757
2949,12.190881,64.17102
2950,17.059464,66.203865
2951,16.304586,64.668106
2952,14.26519,63.849533
2953,14.281282,63.701416
2954,-45.004845,-36.938213
2955,-46.480015,-37.113136
2956,-46.60297,-37.229744
2957,-44.655376,-36.594967
2958,-45.57381,-35.71945
2959,-45.29099,-36.834126
2960,-46.729763,-36.520237
2961,-46.275925,-36.436596
2962,-47.88149,-37.504715
2963,-45.388542,-34.65895
2964,-45.662132,-34.978172
2965,-48.9444,-37.84039
2966,-47.6885,-35.84533
2967,-45.925377,-35.8381
2968,-48.698177,-37.726757
2969,-45.432552,-36.520966
2970,-46.43266,-39.042717
2971,-47.18492,-38.274105
2972,-2.1834853,-4.4390254
2973,-44.954556,-38.534695
2974,-44.937866,-38.464363
2975,-45.125526,-38.342247
2976,-2.5118482,-3.8900518
2977,-45.834938,-38.19121
2978,-47.355984,-38.71013
2979,-1.88396,-4.462851
2980,-47.624424,-36.933716
2981,-47.582718,-37.11809
2982,-47.346123,-37.070126
2983,-47.82006,-39.55654
2984,-47.446384,-39.260666
2985,0.8589223,-9.297181
2986,-47.306572,-38.086506
2987,-48.11143,-38.462456
2988,-47.735023,-37.141647
2989,-47.532597,-36.91136
2990,-47.620274,-35.368404
2991,-45.11149,-35.452915
2992,-46.127808,-39.514282
2993,-39.84517,-33.866055
2994,-32.380173,-19.99785
2995,-31.561756,-20.289894
2996,-31.676361,-20.799755
2997,-32.28059,-19.807615
2998,-31.993643,-20.88278
2999,-30.790737,-21.276611
3000,-31.01745,-20.488663
3001,-30.792341,-19.630997
3002,-31.1881,-21.578154
3003,-30.911041,-20.841257
3004,-32.117996,-17.975515
3005,-32.22234,-18.725334
3006,-12.335951,0.71032214
3007,-31.821499,-19.70154
3008,0.83254725,-4.58813
3009,-2.4532268,-7.6032114
3010,-31.03949,-20.800571
3011,-32.06946,-20.21533
3012,-36.06267,16.01166
3013,-35.83476,15.889299
3014,-35.81621,15.811938
3015,-35.790104,16.51041
3016,-36.037205,16.542149
3017,-35.24302,15.967978
3018,-34.982918,15.226828
3019,-0.82691026,-6.08459
3020,-1.0526257,-6.1651936
3021,-34.386074,15.383021
3022,-34.069416,15.411353
3023,-0.5823609,-3.2512634
3024,-34.833107,14.56849
3025,-34.7156,14.445875
3026,-35.03546,14.874636
3027,-36.1641,15.316604
3028,-35.050987,16.214834
3029,-34.70944,16.271341
3030,-35.33994,14.582102
3031,-35.789856,14.918004
3032,-34.590263,15.719908
3033,-30.469194,-0.4448489
3034,-30.946167,0.100267604
3035,-31.228642,0.46588743
3036,-29.679953,0.1145898
3037,-30.010443,0.036977064
3038,-29.51474,0.10205725
3039,-30.442183,-0.3241901
3040,-30.425627,-0.023131605
3041,-31.169397,0.1247034
3042,-30.21745,1.5699764
3043,-30.385212,1.5481312
3044,-29.938421,1.3447331
3045,-29.293821,0.7112663
3046,-28.413076,0.9767904
3047,-29.764982,0.914358
3048,-2.238931,-5.434498
3049,-28.926697,0.06832114
3050,-29.179697,0.42602506
3051,-28.91401,0.07062652
3052,14.714138,-19.87573
3053,44.74423,-27.85915
3054,46.100475,-29.069187
3055,14.721151,-19.975876
3056,43.696335,-29.089056
3057,45.20585,-28.828926
3058,44.99647,-28.78968
3059,45.36882,-28.231997
3060,44.313446,-31.504677
3061,43.634087,-25.809713
3062,43.96001,-29.483099
3063,44.763092,-26.72878
3064,44.8154,-26.745872
3065,44.47189,-28.860075
3066,44.425297,-29.400093
3067,44.07535,-27.850103
3068,43.69781,-27.646847
3069,44.814213,-25.905233
3070,44.583313,-25.162964
3071,42.35639,-25.139786
3072,44.13894,-27.885473
3073,4.902288,-6.782792
3074,42.84131,-28.29481
3075,44.914127,-26.314075
3076,43.038208,-30.562637
3077,43.125355,-30.496803
3078,46.054413,-27.19826
3079,1.6035584,-6.017885
3080,-2.2974029,-10.070555
3081,-21.026241,55.38176
3082,-22.182482,55.109833
3083,-22.332626,55.376972
3084,-21.994267,54.27196
3085,-19.562578,57.81741
3086,-21.023691,51.9973
3087,-20.831455,55.1223
3088,-20.970253,56.140358
3089,-20.182362,56.491432
3090,-19.981909,56.405193
3091,-22.038862,55.367653
3092,-21.665321,55.68103
3093,-21.918896,56.7389
3094,-21.448395,56.79576
3095,-21.77365,56.558544
3096,-21.629776,57.2604
3097,-22.07467,56.710205
3098,-22.701889,56.572105
3099,-22.165506,56.042675
3100,-21.136345,56.997097
3101,-21.769867,57.864536
3102,-17.01422,49.36091
3103,-22.16417,58.094006
3104,-22.272346,58.260693
3105,-22.460157,58.51567
3106,-57.220833,16.863358
3107,-56.939648,16.841282
3108,-55.517624,17.973059
3109,-59.692097,14.357116
3110,-59.612583,14.397743
3111,-59.088535,17.410732
3112,1.5580584,-6.1137376
3113,-58.26333,15.129155
3114,-58.87679,16.080336
3115,-58.903942,17.276045
3116,0.3730438,-3.0798924
3117,-59.13242,16.193357
3118,-58.30771,15.187342
3119,-59.18477,16.43667
3120,-58.435753,16.533926
3121,-57.999233,15.615525
3122,-57.673344,16.098408
3123,-56.315575,17.500347
3124,-58.679333,15.467816
3125,-58.74706,17.779415
3126,-59.893757,16.524998
3127,-60.00302,16.43427
3128,-60.606102,16.000439
3129,-60.61657,16.187338
3130,-58.435135,18.38586
3131,22.077518,6.7782574
3132,-55.01186,18.051409
3133,-60.56574,16.728176
3134,-60.746586,16.630358
3135,-58.7755,17.408257
3136,-17.064747,-8.207768
3137,-16.870178,-8.457341
3138,-16.698082,-7.6085496
3139,-15.664889,-7.764279
3140,-17.404762,-7.3589535
3141,-0.6948887,-9.085466
3142,-3.5696208,-6.3696713
3143,-3.88714,-5.3333845
3144,-18.053066,-8.059432
3145,-18.15617,-8.157217
3146,-16.027489,-7.816113
3147,-17.520452,-8.137965
3148,-18.232962,-8.38984
3149,-16.482933,-6.4895983
3150,-16.726658,-6.651941
3151,-17.118933,-8.236029
3152,-16.285496,-6.590043
3153,-16.896263,-8.834366
3154,-16.016459,-5.38634
3155,17.92522,40.99114
3156,18.170702,41.006927
3157,19.767172,41.143646
3158,19.923723,41.203056
3159,18.78199,41.18634
3160,19.761345,39.64085
3161,19.126553,40.3527
3162,19.584957,39.785812
3163,19.149145,40.413322
3164,19.149529,41.10451
3165,19.043766,41.127167
3166,18.990435,41.52172
3167,18.699238,41.434254
3168,16.819086,39.49189
3169,18.893682,39.099873
3170,18.71764,39.994305
3171,18.619894,40.74016
3172,0.04561812,-4.5628357
3173,-1.9304785,-7.173764
3174,20.405025,39.000156
3175,18.338297,37.976467
3176,20.252811,40.31404
3177,19.004164,42.17695
3178,-3.103147,-7.0688343
3179,0.21548574,-4.6699586
3180,2.2731574,-5.3952866
3181,16.804417,39.65062
3182,17.662766,41.002632
3183,16.491072,39.651237
3184,0.8866054,-3.3005848
3185,-62.22015,-5.92484
3186,-61.179543,-6.070819
3187,-60.965736,-5.894435
3188,-58.945248,-5.9321337
3189,0.30632797,-5.809408
3190,-60.806347,-5.265431
3191,-58.505898,-6.6099825
3192,-61.889046,-6.8788443
3193,-61.250614,-6.879261
3194,-61.339066,-7.8365154
3195,-61.397766,-7.827542
3196,-61.64753,-7.149015
3197,-61.363705,-7.3850737
3198,-1.9330015,-4.9208517
3199,-58.586563,-4.2093163
3200,-59.82977,-5.1909657
3201,0.89861673,-4.4696045
3202,-59.696617,-5.3706055
3203,-2.2990458,-8.381888
3204,-61.234333,-6.5236382
3205,-61.64393,-6.7157316
3206,-59.223324,-5.0156064
3207,-60.210743,-6.2740645
3208,-57.6435,-6.767659
3209,-3.643659,-2.3432934
3210,-3.2587767,-11.642126
3211,-3.0547154,-11.3364
3212,-59.660744,-5.215744
3213,-59.152107,-6.852215
3214,-59.41136,-7.5224276
3215,-60.988106,-7.669748
3216,-57.12494,-6.6209726
3217,-0.59106857,-6.9554915
3218,-58.785152,-6.65644
3219,-0.27894616,-6.518911
3220,-59.87662,-5.969021
3221,-59.43409,-6.433161
3222,-59.738884,-5.755688
3223,-59.906418,-7.7016053
3224,-60.19119,-7.018128
3225,-2.1404197,-8.610785
3226,-2.1031103,-8.460694
3227,-59.42267,-5.8207135
3228,3.2015655,-9.537464
3229,0.9665009,-7.6699567
3230,6.2251596,-62.761898
3231,7.54675,-63.06214
3232,7.889492,-63.362583
3233,2.8426027,-9.5431385
3234,7.200965,-60.25818
3235,6.9711885,-62.110096
3236,6.797783,-62.887745
3237,8.346096,-60.11305
3238,6.96542,-62.131832
3239,8.994947,-62.43379
3240,8.173819,-61.673805
3241,10.082122,-62.41921
3242,7.575097,-61.27098
3243,9.538181,-62.043526
3244,8.206648,-60.2761
3245,7.447839,-61.54153
3246,9.031278,-61.908836
3247,7.6552277,-62.847267
3248,8.436802,-62.123764
3249,8.76592,-63.0563
3250,7.1864753,-62.889862
3251,8.9758,-61.35566
3252,7.3318043,-62.596264
3253,8.839034,-63.109684
3254,9.028401,-61.96704
3255,10.844281,-59.161926
3256,10.148121,-58.993927
3257,10.134617,-58.790005
3258,63.95786,-5.541125
3259,63.44313,-5.507076
3260,2.6705735,-7.3182464
3261,2.8161123,-7.5366955
3262,2.7345955,-7.3451157
3263,63.53094,-6.435894
3264,63.154274,-6.8581285
3265,63.061325,-7.193319
3266,64.421524,-8.636328
3267,64.081406,-6.131698
3268,65.010506,-5.791315
3269,65.384796,-5.7461224
3270,65.143936,-5.694067
3271,64.71428,-8.05885
3272,64.50618,-6.2076445
3273,63.86816,-6.798338
3274,62.96503,-7.5916266
3275,62.355236,-6.8480673
3276,65.17558,-7.934061
3277,65.17358,-7.982826
3278,63.23885,-6.9221153
3279,62.903606,-7.3167915
3280,63.950905,-7.125998
3281,65.15946,-7.2909985
3282,64.74644,-7.148327
3283,65.34581,-6.8625107
3284,64.46364,-7.4697437
3285,-1.8117254,30.369646
3286,-0.48725355,26.287071
3287,-2.0622752,30.06918
3288,-0.95690984,27.052614
3289,-1.7562063,32.23511
3290,-1.6998898,28.662806
3291,-3.1502426,30.383625
3292,-2.9069264,31.338243
3293,-2.08991,29.07155
3294,-3.3077106,31.49182
3295,-1.7625107,28.724627
3296,-3.1588862,30.437382
3297,-2.9598377,31.326332
3298,-2.0888164,29.443594
3299,-3.3564155,31.634552
3300,3.9093678,28.33301
3301,-1.6440212,32.11348
3302,-1.7871107,32.018005
3303,1.3650284,-1.4418228
3304,-1.6680977,30.497993
3305,-1.1299262,32.697605
3306,-1.3715378,31.863949
3307,-0.7331632,31.194128
3308,-0.5253148,31.618137
3309,-0.45166737,31.650837
3310,-0.88783497,31.288752
3311,-1.0312915,32.209618
3312,0.032983012,31.142103
3313,46.425034,40.446667
3314,-0.50109065,4.599116
3315,46.096607,40.33508
3316,-1.4745889,5.159959
3317,46.131363,40.922714
3318,45.13516,40.00115
3319,46.429512,39.073128
3320,0.04802312,4.2952385
3321,44.970387,39.018444
3322,46.27633,39.61929
3323,44.63825,40.62243
3324,46.609604,38.88736
3325,46.576385,41.780895
3326,46.980648,39.768353
3327,47.71026,40.82786
3328,47.183426,40.09378
3329,46.721004,40.51917
3330,48.08405,40.364937
3331,47.6125,40.186665
3332,45.76167,39.440426
3333,46.01088,38.577583
3334,-0.18552545,4.3456016
3335,46.039345,38.95747
3336,45.173306,38.997295
3337,45.92938,39.218307
3338,43.43632,38.001617
3339,45.99185,39.01184
3340,45.5722,40.152393
3341,45.971226,39.238987
3342,45.637054,41.39778
3343,45.822823,40.796574
3344,45.974438,38.842297
3345,-0.09896107,54.79863
3346,-0.37617368,54.88745
3347,-1.5188582,53.92425
3348,2.8192408,-8.094037
3349,-1.2806253,54.704678
3350,-1.712698,55.01494
3351,-2.4920106,55.20168
3352,-0.949397,56.123714
3353,-0.32361338,55.524345
3354,-1.1887903,55.669533
3355,-0.97000265,54.073174
3356,-0.48526412,54.536957
3357,-0.8944983,53.730133
3358,-1.0389369,55.909206
3359,-0.28747624,54.108418
3360,-1.094604,55.212273
3361,-17.44089,-25.41168
3362,-17.515343,-25.646912
3363,-16.61422,-25.21274
3364,-10.625105,-17.747683
3365,-18.668564,-26.050566
3366,-18.737995,-26.28166
3367,-18.24065,-25.115313
3368,-18.703117,-25.284735
3369,-18.974821,-25.07818
3370,-18.405827,-23.773972
3371,-17.32217,-24.538757
3372,-18.482971,-24.712393
3373,-17.767384,-24.493284
3374,-18.660004,-24.490631
3375,-18.44612,-24.067478
3376,-18.294474,-23.751228
3377,-18.35625,-22.87933
3378,-26.313425,-3.503118
3379,-19.304457,-24.787981
3380,-18.531988,-24.937708
3381,27.443132,24.916136
3382,27.51823,24.951944
3383,27.607246,24.318594
3384,-16.456219,17.086622
3385,-5.3444433,-3.0337975
3386,0.24311131,-5.718588
3387,27.373737,24.19566
3388,27.583553,24.43729
3389,-0.420418,-2.0817394
3390,31.03377,22.90346
3391,29.95274,22.421883
3392,31.687864,22.884703
3393,31.769342,22.857971
3394,30.443705,23.419025
3395,30.76572,22.469246
3396,30.06815,24.271381
3397,31.073687,22.006174
3398,30.365778,22.326284
3399,30.072222,22.920391
3400,30.872625,22.787268
3401,30.240562,22.420149
3402,29.98569,24.332401
3403,30.030334,24.397
3404,0.15526322,-10.432608
3405,-1.6722554,-10.012241
3406,-1.0668654,-10.381599
3407,-1.188295,-10.285221
3408,-1.9277642,-9.764131
3409,29.065104,23.09853
3410,0.8735579,-10.772813
3411,10.086918,-20.299438
3412,10.258562,-20.290657
3413,8.495205,-18.855463
3414,10.228883,-20.64382
3415,-2.072658,-6.2085104
3416,0.49781796,-7.869253
3417,-1.67318,-7.4390593
3418,-5.198533,-8.344474
3419,-1.2398629,-8.5195875
3420,-1.6300197,-6.57006
3421,0.10664981,-7.7173443
3422,8.181557,-21.352499
3423,8.150738,-19.756315
3424,7.8301206,-21.8446
3425,10.745776,-19.576605
3426,10.164689,-18.667175
3427,10.009191,-18.809042
3428,8.317645,-20.518572
3429,8.271244,-20.348063
3430,8.397879,-20.243801
3431,8.914296,-19.695616
3432,7.8132157,-20.138254
3433,8.36171,-20.602974
3434,8.84758,-20.44088
3435,9.852845,-18.810616
3436,9.540362,-20.925716
3437,9.013647,-19.03352
3438,-21.07011,28.699326
3439,-19.541769,27.670134
3440,-18.876081,27.430544
3441,-20.458693,26.990118
3442,-19.821627,26.538841
3443,-18.02144,25.945013
3444,-21.820625,27.657148
3445,-21.281942,27.034262
3446,-16.571556,24.890387
3447,-5.4227743,-8.416679
3448,-18.138071,26.595137
3449,-20.011984,27.298197
3450,-19.914862,27.994492
3451,-19.413002,28.117262
3452,-19.385315,28.51791
3453,-19.541315,28.78416
3454,-19.549213,26.801027
3455,-19.095175,28.69215
3456,-19.345482,28.62875
3457,-6.314979,-9.212947
3458,-21.71827,27.366966
3459,-20.596184,27.216833
3460,-20.024647,26.450478
3461,-19.47585,26.298962
3462,-19.37615,26.140219
3463,-19.393337,26.103825
3464,-19.07746,26.256584
3465,-20.971527,27.98951
3466,-17.794502,25.774536
3467,-18.011036,25.686201
3468,-17.88556,27.234732
3469,-17.949728,26.943624
3470,-0.9587963,-4.7020187
3471,-3.7061343,-4.957453
3472,-5.6880426,-3.5387702
3473,0.47960475,-7.4450703
3474,-0.03463793,-7.351882
3475,4.5741024,-6.6389647
3476,-0.47089368,-8.298598
3477,-20.661785,27.785854
3478,10.360671,12.971452
3479,10.771131,13.932117
3480,10.543753,13.541409
3481,9.7175045,12.135717
3482,10.289704,12.828147
3483,10.522124,13.322114
3484,9.966432,12.176879
3485,9.717456,11.442432
3486,9.889785,14.212428
3487,1.7821956,-3.805009
3488,9.873629,12.256482
3489,1.0869608,-9.332567
3490,27.337278,-14.917821
3491,27.21625,-17.385323
3492,28.31751,-14.17497
3493,26.826616,-15.3290415
3494,28.206127,-14.159743
3495,30.550251,-15.153674
3496,28.038137,-13.439425
3497,29.887089,-14.233314
3498,29.855333,-14.8557
3499,29.411282,-15.4721775
3500,29.707626,-14.921196
3501,29.1653,-15.08128
3502,29.604836,-14.327344
3503,29.80572,-14.970843
3504,28.434874,-15.37308
3505,30.984543,-15.080905
3506,30.41496,-14.486772
3507,24.59186,-11.883692
3508,28.199203,-16.86489
3509,28.633512,-16.670187
3510,28.326298,-16.775818
3511,29.51944,-15.833233
3512,30.279703,-15.898139
3513,29.045677,-14.594676
3514,26.165148,2.7716472
3515,28.578434,0.91541594
3516,28.66811,0.90094876
3517,27.287836,1.7306421
3518,28.669943,1.0121042
3519,27.238396,2.0507262
3520,28.13583,1.9730175
3521,29.875738,2.242453
3522,29.864784,2.1136055
3523,29.146353,1.7306342
3524,29.342514,1.3943188
3525,24.459026,-3.2015102
3526,26.29052,1.6401422
3527,29.384655,0.8034802
3528,29.358822,0.6995833
3529,27.385727,0.98264927
3530,27.790909,2.4387686
3531,28.732407,2.922309
3532,47.626827,11.988951
3533,21.059124,-0.30256045
3534,27.018967,2.6983438
3535,28.691423,2.491915
3536,28.364918,2.7053978
3537,29.271719,3.0917723
3538,26.782677,2.3388777
3539,26.882334,3.0969193
3540,28.446974,3.1172838
3541,27.662613,2.8473604
3542,26.876316,2.6542878
3543,28.12572,2.6414096
3544,-3.818977,-2.5787954
3545,-4.7024937,-37.045563
3546,2.7659664,-4.9868903
3547,-4.671047,-37.815765
3548,3.0029094,-5.103147
3549,-1.7474304,-35.46664
3550,-3.3919697,-37.425606
3551,-3.1824725,-36.34534
3552,-3.379246,-36.528828
3553,-3.2293634,-36.624786
3554,-3.1091132,-36.05977
3555,-2.4384618,-36.5905
3556,-4.6134825,-37.193066
3557,-4.3369346,-37.195625
3558,9.601314,-26.191122
3559,-5.286424,-37.152252
3560,-5.2600427,-37.11377
3561,-3.457305,-35.47054
3562,-3.9950929,-36.663853
3563,-4.6386695,-36.94791
3564,-4.0609674,-35.533108
3565,-3.952798,-35.72014
3566,-4.771732,-35.850872
3567,-3.7998369,-36.364624
3568,19.08889,-32.642952
3569,20.686953,-32.612667
3570,18.135153,-29.563784
3571,19.19843,-31.000652
3572,19.203287,-33.82458
3573,20.073488,-33.192356
3574,19.220089,-32.325615
3575,19.86225,-32.81811
3576,20.349934,-33.100323
3577,20.392088,-33.481174
3578,19.246365,-31.212616
3579,19.063507,-31.990679
3580,20.003082,-33.216045
3581,1.4958489,-8.339936
3582,-2.739736,-3.6069596
3583,21.14144,-31.98663
3584,19.747503,-31.761171
3585,20.81136,-31.704794
3586,-0.45664808,-5.7468195
3587,18.358393,-32.226852
3588,19.243994,-33.010437
3589,18.588638,-31.878765
3590,19.274965,-34.143753
3591,48.793438,7.2539268
3592,49.231262,7.923535
3593,-3.8651729,-11.950049
3594,-1.108395,-4.0376425
3595,49.844097,5.849557
3596,48.46113,6.0027957
3597,49.12808,6.5614653
3598,48.75861,5.620396
3599,48.703903,5.62101
3600,49.564713,6.1329885
3601,47.959904,3.6463544
3602,48.612087,6.4231763
3603,48.961197,6.891024
3604,49.75907,5.507841
3605,49.59938,5.82392
3606,50.20228,6.6700654
3607,50.058956,7.255729
3608,49.759815,7.33493
3609,48.049896,7.2053733
3610,48.168938,7.689112
3611,49.029095,6.963915
